siteID	catchment	year	occurrence	ndvi	ndvi_dev	ndbi	ndbi_dev
A1	Albert	2023	0	0.312987912	0.112709928	-0.114579991	0.146202546
A6	Albert	2023	0	0.297876229	0.101066906	-0.102301109	0.129913236
A10	Albert	2023	0	0.359674603	0.080015499	-0.163048528	0.102685926
A8	Albert	2023	0	0.308689241	0.116703936	-0.102173657	0.151121948
A7	Albert	2023	0	0.311065779	0.12141911	-0.104965232	0.157924981
A2	Albert	2023	0	0.30665375	0.110101157	-0.109119823	0.138186763
A3	Albert	2023	0	0.312829951	0.144394243	-0.119268686	0.177547127
A9	Albert	2023	0	0.304629856	0.129593287	-0.121594015	0.144925228
A5	Albert	2023	0	0.313182819	0.121880883	-0.105840635	0.156202842
A4	Albert	2023	0	0.32174843	0.141401384	-0.119228072	0.180343441
A11	Albert	2023	0	0.324650355	0.115606612	-0.10983277	0.149059731
Co7	Coomera	2023	1	0.370958507	0.149551446	-0.173181946	0.189224679
Co15	Coomera	2023	0	0.351909587	0.108835934	-0.193444968	0.089513387
Co2	Coomera	2023	0	0.370734792	0.241462959	-0.217189496	0.289761289
Co9	Coomera	2023	0	0.341448772	0.114686365	-0.14745289	0.141939455
Co5	Coomera	2023	0	0.355669289	0.131254851	-0.155476627	0.166308145
Co10	Coomera	2023	0	0.356875988	0.12841199	-0.154425169	0.158453903
Co8	Coomera	2023	1	0.343123949	0.081035665	-0.149895388	0.102372284
Co14	Coomera	2023	1	0.352828743	0.148332512	-0.177413558	0.177510145
Co12	Coomera	2023	0	0.344377163	0.133573651	-0.167598347	0.161892263
Co11	Coomera	2023	1	0.340441244	0.130251257	-0.165420268	0.157983486
Co3	Coomera	2023	0	0.37074455	0.184952367	-0.183341101	0.22839899
Co16	Coomera	2023	0	0.354558918	0.101967834	-0.192120668	0.120334436
Co1	Coomera	2023	NA	0.423094957	0.321329373	-0.306767871	0.376510359
Co13	Coomera	2023	0	0.35709147	0.120879568	-0.174158499	0.148326133
Co4	Coomera	2023	1	0.379897003	0.18555014	-0.182318692	0.236246908
Co6	Coomera	2023	1	0.358336862	0.123733346	-0.157740601	0.156872346
Cu9	Currumbin	2023	1	0.409906836	0.070529421	-0.24407062	0.083676118
Cu3	Currumbin	2023	1	0.414768624	0.081906007	-0.253211724	0.098366251
Cu10	Currumbin	2023	1	0.411106913	0.074306199	-0.24762731	0.089502982
Cu4	Currumbin	2023	NA	0.403423863	0.079276329	-0.243507226	0.094660902
Cu11	Currumbin	2023	1	0.408706095	0.072295453	-0.250737796	0.084995217
Cu12	Currumbin	2023	0	0.406915545	0.069515489	-0.250532545	0.081894404
Cu6	Currumbin	2023	1	0.401933934	0.079889573	-0.232963564	0.096502716
Cu1	Currumbin	2023	0	0.384345856	0.099111386	-0.216596851	0.123947784
Cu7	Currumbin	2023	0	0.40175636	0.073915022	-0.233099953	0.090244708
Cu2	Currumbin	2023	1	0.411137108	0.092304876	-0.250043569	0.112099232
Cu8	Currumbin	2023	0	0.40681846	0.071999868	-0.241167382	0.087269844
Cu5	Currumbin	2023	1	0.401080557	0.083376606	-0.237148316	0.100437791
M11	Mudgeeraba	2023	1	0.388306226	0.090165751	-0.214214689	0.110643144
M12	Mudgeeraba	2023	NA	0.389259218	0.081811433	-0.234492059	0.102355865
M8	Mudgeeraba	2023	0	0.35406044	0.083064481	-0.191050158	0.099175118
M4	Mudgeeraba	2023	1	0.339824749	0.11176996	-0.163822263	0.139093721
B1	Mudgeeraba	2023	0	0.332600599	0.134669069	-0.16130637	0.162446707
M3	Mudgeeraba	2023	1	0.337867448	0.116198997	-0.154236865	0.142418544
M7	Mudgeeraba	2023	1	0.356617588	0.074809934	-0.183722866	0.130659697
M13	Mudgeeraba	2023	0	0.406411936	0.066826238	-0.259058901	0.073422563
B3	Mudgeeraba	2023	1	0.338903561	0.082231739	-0.175605972	0.099219232
M2	Mudgeeraba	2023	0	0.327878613	0.125417516	-0.145047952	0.151588176
B2	Mudgeeraba	2023	0	0.322247285	0.098336425	-0.150212916	0.118428293
M5	Mudgeeraba	2023	0	0.345385874	0.094056197	-0.164496194	0.116739166
M6	Mudgeeraba	2023	1	0.345926731	0.09817568	-0.168102693	0.120225894
M9	Mudgeeraba	2023	1	0.352114519	0.086324806	-0.194215559	0.102814473
M1	Mudgeeraba	2023	1	0.35453229	0.145855837	-0.167726802	0.175868521
M10	Mudgeeraba	2023	1	0.363632746	0.105279765	-0.193338704	0.129476622
N4	Nerang	2023	1	0.372468257	0.092279076	-0.185950081	0.114299826
N10	Nerang	2023	1	0.42228708	0.091096259	-0.245609531	0.113000293
N3	Nerang	2023	0	0.363388573	0.102083294	-0.191309522	0.124924803
N12	Nerang	2023	0	0.436682486	0.095911646	-0.266218572	0.118585513
N2	Nerang	2023	0	0.365314828	0.123794349	-0.202860385	0.153663519
N5	Nerang	2023	1	0.382211118	0.092921673	-0.18765689	0.117987908
N6	Nerang	2023	1	0.379529293	0.090659789	-0.18291309	0.114219457
N9	Nerang	2023	1	0.391799829	0.111636418	-0.222760235	0.139780131
N11	Nerang	2023	1	0.426169409	0.107623656	-0.254048905	0.136100942
N1	Nerang	2023	1	0.356470921	0.132446417	-0.208955275	0.160434946
N7	Nerang	2023	0	0.389734425	0.098405823	-0.193610972	0.127863247
N8	Nerang	2023	1	0.380264873	0.084503065	-0.21356543	0.106006151
A1	Albert	2022	0	0.354277354	0.109996353	-0.187852256	0.129431366
A6	Albert	2022	0	0.328461955	0.099399199	-0.166170247	0.115917683
A10	Albert	2022	0	0.360694183	0.08025405	-0.186325537	0.097155687
A8	Albert	2022	0	0.338853264	0.113541528	-0.169659731	0.136913841
A7	Albert	2022	0	0.338159228	0.118285547	-0.169136556	0.142618271
A2	Albert	2022	1	0.342875086	0.108863672	-0.176860786	0.124236174
A3	Albert	2022	0	0.337827381	0.140223354	-0.174025555	0.162951173
A9	Albert	2022	1	0.319985044	0.127195541	-0.164921854	0.138366313
A5	Albert	2022	0	0.347167329	0.115020778	-0.175518813	0.138407371
A4	Albert	2022	0	0.34967356	0.134807558	-0.180420658	0.1617526
A11	Albert	2022	NA	0.316738888	0.124013117	-0.133005448	0.145272975
Co7	Coomera	2022	0	0.374871735	0.145386336	-0.200753717	0.179502223
Co15	Coomera	2022	0	0.360796769	0.078532714	-0.2152646	0.084220748
Co2	Coomera	2022	0	0.375443945	0.24281678	-0.241233145	0.281432186
Co9	Coomera	2022	NA	0.357401755	0.113601373	-0.194172962	0.134468226
Co5	Coomera	2022	1	0.37116097	0.127920231	-0.191514932	0.154909064
Co10	Coomera	2022	1	0.357792014	0.123059559	-0.181280991	0.148602086
Co8	Coomera	2022	0	0.353885404	0.079291825	-0.185628215	0.094665577
Co14	Coomera	2022	0	0.357576097	0.150040078	-0.207050223	0.172444124
Co12	Coomera	2022	1	0.353095487	0.13377424	-0.204287739	0.154824752
Co11	Coomera	2022	1	0.359851022	0.129975031	-0.213216786	0.149194655
Co3	Coomera	2022	1	0.373179384	0.183606938	-0.202241598	0.22138207
Co16	Coomera	2022	0	0.355636254	0.106665496	-0.21535387	0.11477735
Co1	Coomera	2022	1	0.435411545	0.320614317	-0.336387319	0.36240534
Co13	Coomera	2022	1	0.371782997	0.122545446	-0.213440508	0.142055757
Co4	Coomera	2022	1	0.387334281	0.177670144	-0.206216187	0.220914749
Co6	Coomera	2022	1	0.362826363	0.122167524	-0.186774711	0.149734255
Cu9	Currumbin	2022	1	0.395223081	0.074850781	-0.240477199	0.079791737
Cu3	Currumbin	2022	1	0.395920653	0.087124604	-0.246203778	0.099324381
Cu10	Currumbin	2022	1	0.397723426	0.079057163	-0.243934074	0.085427263
Cu4	Currumbin	2022	0	0.385226465	0.085750613	-0.236688195	0.095313344
Cu11	Currumbin	2022	1	0.382017576	0.083374053	-0.234512672	0.08381091
Cu12	Currumbin	2022	0	0.388336564	0.078365365	-0.240002943	0.080578457
Cu6	Currumbin	2022	1	0.380361802	0.08981688	-0.224317819	0.099288621
Cu1	Currumbin	2022	1	0.37871848	0.099115474	-0.224112769	0.119707684
Cu7	Currumbin	2022	0	0.386108268	0.07614208	-0.231615252	0.084169299
Cu2	Currumbin	2022	1	0.390769185	0.096064315	-0.243651417	0.109400707
Cu8	Currumbin	2022	0	0.392901051	0.076098207	-0.238664444	0.083047335
Cu5	Currumbin	2022	1	0.380642404	0.090453468	-0.228438408	0.10320008
M11	Mudgeeraba	2022	1	0.391700495	0.092797765	-0.232390423	0.107817675
M12	Mudgeeraba	2022	0	0.388557636	0.080423405	-0.243021516	0.091500859
M8	Mudgeeraba	2022	1	0.357901075	0.085293105	-0.213069961	0.09395334
M4	Mudgeeraba	2022	1	0.364537534	0.108138939	-0.211515512	0.127816477
B1	Mudgeeraba	2022	0	0.346588995	0.129176038	-0.192212581	0.153936598
M3	Mudgeeraba	2022	1	0.357686617	0.11329126	-0.19842301	0.132816389
M7	Mudgeeraba	2022	1	0.378124767	0.107680132	-0.226488483	0.123215093
M13	Mudgeeraba	2022	0	0.392107734	0.070177428	-0.250106063	0.073382213
B3	Mudgeeraba	2022	1	0.343164612	0.082767876	-0.193022472	0.094913422
M2	Mudgeeraba	2022	1	0.346211285	0.122442952	-0.187048138	0.14330468
B2	Mudgeeraba	2022	1	0.335737075	0.097355805	-0.183663049	0.112639875
M5	Mudgeeraba	2022	1	0.358835791	0.09158588	-0.20482358	0.105734397
M6	Mudgeeraba	2022	0	0.364603618	0.095193319	-0.210715469	0.110780614
M9	Mudgeeraba	2022	0	0.357230642	0.086568678	-0.216086027	0.096739559
M1	Mudgeeraba	2022	1	0.361120954	0.137902672	-0.191868438	0.167699367
M10	Mudgeeraba	2022	0	0.366790241	0.103502947	-0.215630697	0.123341939
N4	Nerang	2022	1	0.36858609	0.093644744	-0.202843077	0.110063424
N10	Nerang	2022	1	0.411988811	0.095273191	-0.248280438	0.111800037
N3	Nerang	2022	1	0.361032003	0.102458112	-0.210982196	0.11865509
N12	Nerang	2022	1	0.414846015	0.101604213	-0.255795761	0.117092492
N2	Nerang	2022	1	0.365820445	0.124928575	-0.22582569	0.146860693
N5	Nerang	2022	1	0.378321001	0.094635449	-0.204694555	0.114282148
N6	Nerang	2022	1	0.37396963	0.094567885	-0.199323423	0.113808075
N9	Nerang	2022	1	0.382608245	0.112122285	-0.234884708	0.131062204
N11	Nerang	2022	1	0.393927848	0.127273926	-0.240224923	0.137391743
N1	Nerang	2022	1	0.361416688	0.132940242	-0.230282657	0.154292044
N7	Nerang	2022	0	0.379238696	0.103833469	-0.203948854	0.129383895
N8	Nerang	2022	1	0.365290615	0.094815025	-0.21671619	0.103885705
A1	Albert	2021	0	0.358378934	0.109508273	-0.171057984	0.133762808
A6	Albert	2021	1	0.34031102	0.100074578	-0.153892214	0.121187919
A10	Albert	2021	0	0.381423555	0.080392506	-0.194783242	0.098343644
A8	Albert	2021	0	0.352899292	0.113883301	-0.157757335	0.142313758
A7	Albert	2021	0	0.355338431	0.118631752	-0.161190827	0.14832674
A2	Albert	2021	0	0.355477246	0.108219854	-0.169666216	0.127449639
A3	Albert	2021	0	0.370485548	0.139316325	-0.187972988	0.16406504
A9	Albert	2021	0	0.339622838	0.126265919	-0.164141762	0.140498462
A5	Albert	2021	0	0.369630215	0.116510758	-0.175766387	0.142190754
A4	Albert	2021	0	0.379395189	0.134549242	-0.189283025	0.164403906
A11	Albert	2021	0	0.366851653	0.118202746	-0.170410162	0.141350547
Co7	Coomera	2021	0	0.389251835	0.144762087	-0.196489222	0.183795446
Co15	Coomera	2021	0	0.342749271	0.082288526	-0.188287534	0.088938911
Co2	Coomera	2021	1	0.386455976	0.238773443	-0.234750206	0.285204552
Co9	Coomera	2021	NA	0.353202327	0.113432815	-0.166117493	0.13895927
Co5	Coomera	2021	1	0.375918564	0.126029629	-0.178732521	0.159310801
Co10	Coomera	2021	1	0.384030544	0.124517682	-0.189919028	0.155007424
Co8	Coomera	2021	0	0.355645176	0.081425721	-0.167604133	0.099938494
Co14	Coomera	2021	0	0.362433697	0.14823831	-0.189853706	0.17652138
Co12	Coomera	2021	1	0.35216846	0.131903463	-0.179577314	0.158873915
Co11	Coomera	2021	0	0.349371486	0.128460487	-0.177465644	0.154641194
Co3	Coomera	2021	1	0.391794512	0.18171171	-0.20973134	0.224413007
Co16	Coomera	2021	0	0.351864139	0.101959902	-0.185383027	0.122225172
Co1	Coomera	2021	NA	0.437259221	0.314923578	-0.319566815	0.370946226
Co13	Coomera	2021	1	0.365822036	0.119619295	-0.184669807	0.1459048
Co4	Coomera	2021	1	0.411505366	0.173240258	-0.218981136	0.223246554
Co6	Coomera	2021	0	0.375715679	0.120518729	-0.180486522	0.15194458
Cu9	Currumbin	2021	0	0.406494424	0.068601904	-0.239604013	0.079472544
Cu3	Currumbin	2021	1	0.407378732	0.081863758	-0.245084785	0.097920251
Cu10	Currumbin	2021	0	0.407554956	0.071646412	-0.241324971	0.084789953
Cu4	Currumbin	2021	0	0.396075136	0.079410006	-0.235320133	0.093425498
Cu11	Currumbin	2021	0	0.399529252	0.070679978	-0.237733035	0.081426386
Cu12	Currumbin	2021	0	0.397666346	0.067942642	-0.237803317	0.078857543
Cu6	Currumbin	2021	0	0.392462493	0.080486962	-0.221745027	0.09665653
Cu1	Currumbin	2021	0	0.389641705	0.096705701	-0.220854728	0.119074459
Cu7	Currumbin	2021	0	0.39809226	0.070879787	-0.229243921	0.082686172
Cu2	Currumbin	2021	1	0.405487225	0.090200145	-0.243391609	0.109053596
Cu8	Currumbin	2021	0	0.401162028	0.070006953	-0.235032412	0.081967978
Cu5	Currumbin	2021	1	0.392708485	0.083978417	-0.227882731	0.101128086
M11	Mudgeeraba	2021	0	0.383180359	0.093828659	-0.213691602	0.109182776
M12	Mudgeeraba	2021	0	0.39152659	0.079534714	-0.229266522	0.094687414
M8	Mudgeeraba	2021	1	0.343316084	0.084052754	-0.19062893	0.097139216
M4	Mudgeeraba	2021	0	0.356987262	0.108957594	-0.179543055	0.13437862
B1	Mudgeeraba	2021	0	0.340418015	0.128122038	-0.171733355	0.1552908
M3	Mudgeeraba	2021	1	0.358458814	0.113143829	-0.176344183	0.137226693
M7	Mudgeeraba	2021	1	0.356533908	0.107793828	-0.18330146	0.131212987
M13	Mudgeeraba	2021	0	0.391865251	0.067057131	-0.236539426	0.073840092
B3	Mudgeeraba	2021	1	0.335881095	0.078701361	-0.17539372	0.094816059
M2	Mudgeeraba	2021	0	0.348092327	0.121696488	-0.167610398	0.146021828
B2	Mudgeeraba	2021	0	0.33430195	0.089652965	-0.165144841	0.108171697
M5	Mudgeeraba	2021	1	0.356576798	0.092922923	-0.173594305	0.112889958
M6	Mudgeeraba	2021	0	0.356285783	0.09668308	-0.172709926	0.117579709
M9	Mudgeeraba	2021	1	0.343021582	0.086007121	-0.190508596	0.101487484
M1	Mudgeeraba	2021	1	0.366420278	0.143594058	-0.186242043	0.170298184
M10	Mudgeeraba	2021	0	0.362891328	0.107155204	-0.198321111	0.12846449
N4	Nerang	2021	0	0.392563461	0.096499187	-0.207162339	0.111069188
N10	Nerang	2021	1	0.411115648	0.097789199	-0.233934912	0.116051784
N3	Nerang	2021	1	0.375061091	0.105848957	-0.201416159	0.122951397
N12	Nerang	2021	1	0.443241939	0.094399314	-0.273107082	0.113940547
N2	Nerang	2021	0	0.368960289	0.126643761	-0.205582176	0.151945389
N5	Nerang	2021	1	0.405336017	0.094022423	-0.213712557	0.112852419
N6	Nerang	2021	1	0.392121686	0.097631067	-0.214267527	0.112173064
N9	Nerang	2021	1	0.396481231	0.109423033	-0.228217743	0.136470673
N11	Nerang	2021	1	0.42010189	0.117389909	-0.249064915	0.139974755
N1	Nerang	2021	1	0.351767346	0.137709539	-0.197829321	0.164133225
N7	Nerang	2021	0	0.394523515	0.109127169	-0.225644151	0.12551324
N8	Nerang	2021	1	0.380932466	0.086246979	-0.216536241	0.102715403
A1	Albert	2020	0	0.299051337	0.117679494	-0.120465916	0.150336415
A6	Albert	2020	1	0.281528904	0.10508415	-0.109964004	0.131725097
A10	Albert	2020	0	0.300257454	0.097685867	-0.115706612	0.121009856
A8	Albert	2020	0	0.290543979	0.118930256	-0.107008963	0.153097434
A7	Albert	2020	0	0.29191939	0.123153387	-0.107149637	0.158953774
A2	Albert	2020	0	0.288946883	0.115191329	-0.11140077	0.144441669
A3	Albert	2020	1	0.285638228	0.14847557	-0.110224006	0.183661238
A9	Albert	2020	0	0.270433997	0.126089313	-0.112930594	0.146505138
A5	Albert	2020	0	0.287485058	0.124563782	-0.102255043	0.160460585
A4	Albert	2020	0	0.293565249	0.144705975	-0.11093014	0.184107486
A11	Albert	2020	0	0.268171115	0.122808127	-0.063262663	0.159997096
Co7	Coomera	2020	0	0.327626511	0.153564687	-0.127606085	0.200584209
Co15	Coomera	2020	1	0.331249844	0.087045288	-0.177607872	0.10253351
Co2	Coomera	2020	0	0.344053329	0.249960133	-0.201624386	0.296780158
Co9	Coomera	2020	1	0.306846687	0.121654378	-0.123653677	0.155205826
Co5	Coomera	2020	1	0.323852267	0.135161551	-0.130069605	0.171050465
Co10	Coomera	2020	0	0.301743586	0.130838391	-0.097748271	0.168620608
Co8	Coomera	2020	0	0.300470097	0.090254904	-0.119952507	0.113260916
Co14	Coomera	2020	0	0.311182289	0.157039174	-0.147223515	0.191003152
Co12	Coomera	2020	1	0.317661499	0.140517757	-0.157239972	0.169550556
Co11	Coomera	2020	1	0.322901012	0.135592806	-0.163260521	0.163892057
Co3	Coomera	2020	1	0.334728645	0.188685709	-0.150287388	0.238179037
Co16	Coomera	2020	NA	0.320363757	0.123511992	-0.177877142	0.124524849
Co1	Coomera	2020	NA	0.414636428	0.326354055	-0.305172511	0.379534902
Co13	Coomera	2020	0	0.334750534	0.130494516	-0.162420316	0.159685479
Co4	Coomera	2020	1	0.346616668	0.184419957	-0.151386467	0.237995376
Co6	Coomera	2020	1	0.313855385	0.128222154	-0.116458806	0.165128186
Cu9	Currumbin	2020	1	0.35846587	0.095853696	-0.209906651	0.100429632
Cu3	Currumbin	2020	1	0.357998354	0.10123536	-0.212548288	0.113355239
Cu10	Currumbin	2020	0	0.365723514	0.094084259	-0.219295237	0.09767002
Cu4	Currumbin	2020	0	0.347397557	0.10246481	-0.204083573	0.108177265
Cu11	Currumbin	2020	1	0.349712445	0.107808141	-0.215511183	0.099162214
Cu12	Currumbin	2020	1	0.360331665	0.097780713	-0.221708062	0.09415737
Cu6	Currumbin	2020	0	0.340833866	0.10358095	-0.190374338	0.10821051
Cu1	Currumbin	2020	0	0.345381724	0.110912234	-0.18511679	0.136344736
Cu7	Currumbin	2020	0	0.34065555	0.098435387	-0.193593021	0.106404059
Cu2	Currumbin	2020	1	0.348650649	0.113455368	-0.209606233	0.121945929
Cu8	Currumbin	2020	0	0.357351034	0.098200592	-0.2085681	0.104830534
Cu5	Currumbin	2020	0	0.341613524	0.104972491	-0.192533137	0.115199955
M11	Mudgeeraba	2020	0	0.363432717	0.105794574	-0.191488204	0.13501611
M12	Mudgeeraba	2020	0	0.379809998	0.094134469	-0.235630704	0.102294315
M8	Mudgeeraba	2020	1	0.330868878	0.09259659	-0.176886638	0.110640395
M4	Mudgeeraba	2020	1	0.332960799	0.117799424	-0.164722148	0.146528641
B1	Mudgeeraba	2020	0	0.32808991	0.135538629	-0.173307122	0.160757001
M3	Mudgeeraba	2020	1	0.305028266	0.121142884	-0.132645429	0.149410579
M7	Mudgeeraba	2020	1	0.354364646	0.116334003	-0.186910172	0.137304991
M13	Mudgeeraba	2020	0	0.394611817	0.083774969	-0.254250678	0.078860815
B3	Mudgeeraba	2020	1	0.328396694	0.097357139	-0.17644034	0.108562441
M2	Mudgeeraba	2020	1	0.297267826	0.129037108	-0.127324625	0.156394202
B2	Mudgeeraba	2020	1	0.328041901	0.097201851	-0.173565845	0.115765046
M5	Mudgeeraba	2020	1	0.321697995	0.099429402	-0.156897496	0.120094754
M6	Mudgeeraba	2020	0	0.335365852	0.101855785	-0.170042459	0.122807451
M9	Mudgeeraba	2020	1	0.341088503	0.094806481	-0.192249434	0.109988093
M1	Mudgeeraba	2020	1	0.332813201	0.144228726	-0.151029413	0.177625165
M10	Mudgeeraba	2020	0	0.344184683	0.110870997	-0.182628073	0.139512622
N4	Nerang	2020	1	0.314977756	0.105903323	-0.131917228	0.141746347
N10	Nerang	2020	1	0.37696973	0.112690028	-0.205183587	0.132624662
N3	Nerang	2020	1	0.31803157	0.114637342	-0.158182245	0.146046335
N12	Nerang	2020	1	0.390099121	0.119167616	-0.227982452	0.13671819
N2	Nerang	2020	0	0.330484715	0.136514524	-0.183513049	0.167572916
N5	Nerang	2020	1	0.31821609	0.111257114	-0.12380934	0.146489378
N6	Nerang	2020	1	0.295859319	0.104066691	-0.093402329	0.141926727
N9	Nerang	2020	1	0.338749454	0.131696117	-0.185239136	0.154852591
N11	Nerang	2020	1	0.358320404	0.133365772	-0.199187568	0.154875764
N1	Nerang	2020	1	0.344651522	0.140367423	-0.20780434	0.163025097
N7	Nerang	2020	1	0.305493649	0.116763878	-0.100360438	0.158097198
N8	Nerang	2020	1	0.328945839	0.115614275	-0.172557386	0.133133535
A1	Albert	2019	1	0.29263699	0.113860978	-0.089243861	0.149678083
A6	Albert	2019	0	0.279201338	0.100910783	-0.089139858	0.130092336
A10	Albert	2019	0	0.306972086	0.080966645	-0.108503704	0.109651854
A8	Albert	2019	0	0.281700821	0.118427472	-0.0793173	0.155008249
A7	Albert	2019	0	0.284638312	0.123140823	-0.08143887	0.161961785
A2	Albert	2019	1	0.287070749	0.109497495	-0.085484908	0.141111888
A3	Albert	2019	1	0.299579563	0.141591833	-0.103071659	0.177937552
A9	Albert	2019	0	0.269571473	0.122840347	-0.09257072	0.145545435
A5	Albert	2019	NA	0.297445519	0.120011237	-0.091932297	0.156126177
A4	Albert	2019	NA	0.306121321	0.139893384	-0.103579937	0.180963494
A11	Albert	2019	0	0.244706263	0.124229599	-0.015915944	0.167125836
Co7	Coomera	2019	1	0.344739478	0.149960482	-0.137460703	0.195600122
Co15	Coomera	2019	0	0.338804056	0.075012834	-0.179214774	0.088050555
Co2	Coomera	2019	0	0.357594567	0.245496919	-0.201729635	0.294860387
Co9	Coomera	2019	NA	0.318586262	0.116430204	-0.124899082	0.147168807
Co5	Coomera	2019	NA	0.34361386	0.127417931	-0.142203356	0.16313733
Co10	Coomera	2019	0	0.329300982	0.127689865	-0.117553534	0.16346109
Co8	Coomera	2019	NA	0.312700819	0.084993951	-0.114381563	0.106446818
Co14	Coomera	2019	1	0.334658578	0.148861031	-0.157182638	0.181605313
Co12	Coomera	2019	1	0.322990918	0.136002197	-0.147326936	0.166445642
Co11	Coomera	2019	0	0.324508046	0.132431841	-0.15175393	0.160513708
Co3	Coomera	2019	1	0.341548533	0.187362277	-0.146913244	0.236434042
Co16	Coomera	2019	0	0.326833641	0.104325528	-0.164408489	0.123251567
Co1	Coomera	2019	NA	0.407947685	0.328203791	-0.287258879	0.386034321
Co13	Coomera	2019	NA	0.336709589	0.122870017	-0.15190242	0.153216
Co4	Coomera	2019	1	0.362494803	0.181391379	-0.160027975	0.235717945
Co6	Coomera	2019	NA	0.332847315	0.124662825	-0.126830376	0.160242905
Cu9	Currumbin	2019	0	0.388951105	0.069097018	-0.222730987	0.082588196
Cu3	Currumbin	2019	1	0.384265984	0.083673	-0.224773602	0.099335087
Cu10	Currumbin	2019	1	0.38977154	0.07412063	-0.227028948	0.087624557
Cu4	Currumbin	2019	0	0.37326614	0.081732941	-0.21549251	0.094014395
Cu11	Currumbin	2019	1	0.38504437	0.07477195	-0.229165911	0.082176504
Cu12	Currumbin	2019	0	0.385046074	0.071439248	-0.229381511	0.080357776
Cu6	Currumbin	2019	1	0.373515316	0.080995158	-0.207666227	0.092657046
Cu1	Currumbin	2019	0	0.366667832	0.0976293	-0.200706531	0.120114188
Cu7	Currumbin	2019	0	0.37975038	0.071954733	-0.211700555	0.088369042
Cu2	Currumbin	2019	1	0.381467923	0.092524276	-0.224585796	0.108900748
Cu8	Currumbin	2019	0	0.387387733	0.070411805	-0.221819165	0.085157595
Cu5	Currumbin	2019	1	0.371657562	0.085334124	-0.210228714	0.100457587
M11	Mudgeeraba	2019	NA	0.36924333	0.092006731	-0.198356015	0.11257595
M12	Mudgeeraba	2019	NA	0.369479666	0.080346542	-0.22114887	0.095579386
M8	Mudgeeraba	2019	0	0.339247129	0.083001691	-0.180711364	0.098104237
M4	Mudgeeraba	2019	0	0.334067215	0.111731988	-0.156850098	0.139425095
B1	Mudgeeraba	2019	0	0.326084911	0.132095286	-0.16008262	0.160527316
M3	Mudgeeraba	2019	0	0.334341574	0.114742344	-0.151898372	0.13956257
M7	Mudgeeraba	2019	1	0.330188016	0.108190048	-0.15350749	0.133052408
M13	Mudgeeraba	2019	0	0.379147074	0.069797775	-0.235738499	0.075478641
B3	Mudgeeraba	2019	1	0.325531187	0.082292969	-0.164971842	0.097765079
M2	Mudgeeraba	2019	0	0.32443351	0.124034719	-0.144852509	0.149064852
B2	Mudgeeraba	2019	0	0.318504086	0.092594097	-0.155953121	0.112765895
M5	Mudgeeraba	2019	1	0.331013987	0.093772592	-0.152693393	0.11707979
M6	Mudgeeraba	2019	0	0.336230596	0.097868056	-0.16066416	0.120647444
M9	Mudgeeraba	2019	1	0.335459285	0.087531919	-0.181983432	0.103182528
M1	Mudgeeraba	2019	NA	0.351501292	0.142423701	-0.165454484	0.17409947
M10	Mudgeeraba	2019	0	0.345969154	0.107182222	-0.180355403	0.13126337
N4	Nerang	2019	1	0.335508474	0.094509836	-0.146687492	0.123237336
N10	Nerang	2019	1	0.392640835	0.094209296	-0.212726533	0.11937399
N3	Nerang	2019	1	0.331156416	0.103325092	-0.160582913	0.131179649
N12	Nerang	2019	1	0.409295939	0.097218732	-0.239695142	0.121720833
N2	Nerang	2019	1	0.336674607	0.12742057	-0.175943785	0.16035732
N5	Nerang	2019	1	0.343877622	0.097621212	-0.14544064	0.128264284
N6	Nerang	2019	1	0.342558811	0.091202928	-0.140684181	0.124120415
N9	Nerang	2019	1	0.366004512	0.111907838	-0.19531213	0.142374605
N11	Nerang	2019	1	0.392106192	0.112357843	-0.219059193	0.142067592
N1	Nerang	2019	1	0.33924059	0.135097491	-0.194200641	0.16324235
N7	Nerang	2019	NA	0.349745874	0.102553186	-0.15068112	0.136179689
N8	Nerang	2019	1	0.34953986	0.089258894	-0.182593603	0.112551131
A1	Albert	2018	NA	0.340021634	0.110775745	-0.166509567	0.133930122
A6	Albert	2018	0	0.317567982	0.100764358	-0.156273484	0.11809048
A10	Albert	2018	NA	0.349906432	0.088791115	-0.18073736	0.098787659
A8	Albert	2018	0	0.330694747	0.11445337	-0.162600419	0.138384077
A7	Albert	2018	0	0.330701166	0.118654198	-0.160435931	0.144447756
A2	Albert	2018	0	0.331310438	0.10856793	-0.159076927	0.127750791
A3	Albert	2018	0	0.336097843	0.138449756	-0.168976601	0.16405539
A9	Albert	2018	NA	0.308909804	0.125362608	-0.159765242	0.137924552
A5	Albert	2018	NA	0.341625508	0.117178764	-0.169103753	0.140059037
A4	Albert	2018	NA	0.347164434	0.135642675	-0.176074867	0.16306481
A11	Albert	2018	NA	0.340490992	0.111749932	-0.143657708	0.139876986
Co7	Coomera	2018	0	0.378031423	0.145401116	-0.198754889	0.182106174
Co15	Coomera	2018	0	0.344305562	0.08200419	-0.200851066	0.089676034
Co2	Coomera	2018	0	0.376666697	0.241880318	-0.235720985	0.284045156
Co9	Coomera	2018	NA	0.35142376	0.116385328	-0.188487236	0.139607232
Co5	Coomera	2018	NA	0.373488143	0.131493578	-0.193772959	0.1579117
Co10	Coomera	2018	1	0.363627935	0.12385387	-0.18440459	0.148876479
Co8	Coomera	2018	NA	0.335458742	0.086396951	-0.170258813	0.096926604
Co14	Coomera	2018	1	0.343208954	0.15000532	-0.190385752	0.176825428
Co12	Coomera	2018	1	0.34578329	0.136530494	-0.198977089	0.157734928
Co11	Coomera	2018	1	0.351342999	0.13264987	-0.207157004	0.15372174
Co3	Coomera	2018	1	0.384405752	0.184825841	-0.206531293	0.225240296
Co16	Coomera	2018	NA	0.342333663	0.117506466	-0.213173113	0.118080878
Co1	Coomera	2018	NA	0.431085995	0.320172351	-0.324546472	0.368395323
Co13	Coomera	2018	NA	0.363868865	0.125967241	-0.207565389	0.147802435
Co4	Coomera	2018	1	0.411939408	0.178420873	-0.227753894	0.221450889
Co6	Coomera	2018	NA	0.358534861	0.123760012	-0.180739661	0.150518183
Cu9	Currumbin	2018	0	0.382579985	0.084528215	-0.231797754	0.086048762
Cu3	Currumbin	2018	0	0.378539476	0.09417137	-0.234871526	0.101074615
Cu10	Currumbin	2018	0	0.386973416	0.088686397	-0.238333305	0.090466812
Cu4	Currumbin	2018	0	0.368152873	0.096245473	-0.226529101	0.097203502
Cu11	Currumbin	2018	1	0.370846946	0.097701072	-0.232369099	0.087723669
Cu12	Currumbin	2018	NA	0.377988582	0.089536799	-0.236383906	0.084092611
Cu6	Currumbin	2018	1	0.366429032	0.097795974	-0.218111861	0.097462142
Cu1	Currumbin	2018	1	0.369453833	0.103084468	-0.219498816	0.118221181
Cu7	Currumbin	2018	0	0.364878698	0.087923904	-0.214199203	0.093767315
Cu2	Currumbin	2018	0	0.368901855	0.105998133	-0.232240197	0.111468665
Cu8	Currumbin	2018	0	0.380411325	0.085470855	-0.229141347	0.089501511
Cu5	Currumbin	2018	0	0.36570482	0.099310333	-0.220126423	0.102808587
M11	Mudgeeraba	2018	NA	0.381386045	0.097829906	-0.221237656	0.115328453
M12	Mudgeeraba	2018	NA	0.383903471	0.085504057	-0.247958494	0.094257553
M8	Mudgeeraba	2018	1	0.342850396	0.088413447	-0.199201268	0.099045683
M4	Mudgeeraba	2018	0	0.359148203	0.110558622	-0.206708516	0.130352617
B1	Mudgeeraba	2018	0	0.346236378	0.129688448	-0.195723152	0.153281921
M3	Mudgeeraba	2018	0	0.344970801	0.116436197	-0.185770562	0.134674844
M7	Mudgeeraba	2018	0	0.371897503	0.110177933	-0.220797649	0.126876678
M13	Mudgeeraba	2018	0	0.388936586	0.07706562	-0.25776905	0.075434804
B3	Mudgeeraba	2018	NA	0.338675655	0.089072763	-0.1909886	0.099843895
M2	Mudgeeraba	2018	1	0.334000226	0.125602382	-0.175625057	0.144717406
B2	Mudgeeraba	2018	0	0.339584796	0.09327367	-0.193342777	0.108566125
M5	Mudgeeraba	2018	0	0.345599374	0.096411373	-0.195216616	0.109352194
M6	Mudgeeraba	2018	0	0.356180697	0.09885615	-0.206150224	0.114182682
M9	Mudgeeraba	2018	0	0.34647629	0.090770793	-0.208018106	0.101782146
M1	Mudgeeraba	2018	0	0.368503091	0.142591451	-0.201129008	0.16801268
M10	Mudgeeraba	2018	1	0.357031992	0.106733295	-0.204033021	0.128638081
N4	Nerang	2018	0	0.354429835	0.100000101	-0.179859178	0.122238586
N10	Nerang	2018	1	0.408323233	0.103991433	-0.246679066	0.118015228
N3	Nerang	2018	1	0.346996683	0.106678442	-0.194873472	0.128674499
N12	Nerang	2018	0	0.41202847	0.108467197	-0.252306137	0.124802929
N2	Nerang	2018	1	0.350586756	0.128446406	-0.211489013	0.15493519
N5	Nerang	2018	1	0.364963574	0.102225832	-0.179221416	0.127046672
N6	Nerang	2018	1	0.3650357	0.096799629	-0.173808788	0.119802931
N9	Nerang	2018	NA	0.357987457	0.121896596	-0.208979419	0.140780471
N11	Nerang	2018	NA	0.386408601	0.125855757	-0.228747192	0.143923909
N1	Nerang	2018	0	0.353895961	0.135811888	-0.230218968	0.155410818
N7	Nerang	2018	NA	0.376578281	0.106547678	-0.182267851	0.134913608
N8	Nerang	2018	1	0.34662837	0.103465256	-0.195073206	0.112366398
A1	Albert	2017	NA	0.251729798	0.116256348	-0.026367554	0.153951731
A6	Albert	2017	NA	0.253914325	0.103146324	-0.034860243	0.137405291
A10	Albert	2017	NA	0.279539209	0.087987677	-0.05590187	0.130797658
A8	Albert	2017	NA	0.256315682	0.1218398	-0.021471532	0.156708246
A7	Albert	2017	NA	0.260154187	0.126922521	-0.026537572	0.161708645
A2	Albert	2017	NA	0.24780484	0.110864097	-0.024779665	0.145040929
A3	Albert	2017	NA	0.265915075	0.144163597	-0.046235825	0.184489254
A9	Albert	2017	NA	0.253063736	0.122598554	-0.042330836	0.134031936
A5	Albert	2017	NA	0.263066579	0.124068117	-0.029151959	0.165012422
A4	Albert	2017	NA	0.27224222	0.144350644	-0.044148034	0.190248084
A11	Albert	2017	NA	0.260542806	0.11993812	-0.016093297	0.169136594
Co7	Coomera	2017	0	0.313063785	0.156962906	-0.087947756	0.203061206
Co15	Coomera	2017	NA	0.324366857	0.076177697	-0.143738987	0.107180905
Co2	Coomera	2017	NA	0.336291844	0.250606805	-0.166238651	0.307086709
Co9	Coomera	2017	NA	0.296233559	0.118155384	-0.082817675	0.15562819
Co5	Coomera	2017	NA	0.315346061	0.133450397	-0.095743542	0.173581661
Co10	Coomera	2017	0	0.302236018	0.130316255	-0.066543272	0.163176555
Co8	Coomera	2017	NA	0.279012835	0.084609277	-0.056956606	0.122182294
Co14	Coomera	2017	1	0.32773407	0.15055145	-0.137072599	0.188946968
Co12	Coomera	2017	0	0.316181326	0.136926822	-0.127287105	0.180220968
Co11	Coomera	2017	1	0.311321494	0.132818723	-0.120093498	0.168617055
Co3	Coomera	2017	1	0.320925384	0.191576918	-0.111750478	0.242401373
Co16	Coomera	2017	NA	0.328376031	0.103252808	-0.148877867	0.133285125
Co1	Coomera	2017	NA	0.391401175	0.334843815	-0.26419123	0.402228293
Co13	Coomera	2017	NA	0.323573909	0.125309221	-0.125619568	0.165418544
Co4	Coomera	2017	1	0.355835871	0.18339224	-0.140183175	0.241051513
Co6	Coomera	2017	NA	0.296209059	0.129539236	-0.067518529	0.167075025
Cu9	Currumbin	2017	NA	0.381707221	0.072100984	-0.201354593	0.104121431
Cu3	Currumbin	2017	NA	0.379686497	0.085862951	-0.203106092	0.112939028
Cu10	Currumbin	2017	1	0.383803857	0.075297384	-0.206009845	0.103129496
Cu4	Currumbin	2017	0	0.366632273	0.082306252	-0.188926436	0.105897934
Cu11	Currumbin	2017	1	0.387796948	0.070234682	-0.21196843	0.095189291
Cu12	Currumbin	2017	NA	0.382138191	0.069247825	-0.210556809	0.096910393
Cu6	Currumbin	2017	0	0.366443196	0.082489089	-0.183784755	0.119578731
Cu1	Currumbin	2017	NA	0.348468666	0.101176841	-0.163980875	0.141494871
Cu7	Currumbin	2017	0	0.365177961	0.076184443	-0.177706614	0.109883886
Cu2	Currumbin	2017	NA	0.378141027	0.094789926	-0.20235251	0.123985934
Cu8	Currumbin	2017	0	0.374376436	0.072245412	-0.193782038	0.104743138
Cu5	Currumbin	2017	0	0.363065297	0.087091128	-0.18219684	0.12005317
M11	Mudgeeraba	2017	NA	0.354227647	0.091262707	-0.164199088	0.117631867
M12	Mudgeeraba	2017	NA	0.361222028	0.078822324	-0.198127431	0.107369027
M8	Mudgeeraba	2017	0	0.328194278	0.083309678	-0.148538871	0.118098964
M4	Mudgeeraba	2017	0	0.300481692	0.115426662	-0.102640133	0.145756237
B1	Mudgeeraba	2017	NA	0.303107611	0.136356225	-0.117381465	0.171803686
M3	Mudgeeraba	2017	1	0.298183406	0.11798469	-0.09556896	0.154854241
M7	Mudgeeraba	2017	0	0.317745841	0.110621065	-0.133310592	0.145365278
M13	Mudgeeraba	2017	0	0.371820715	0.065941309	-0.215432751	0.083831426
B3	Mudgeeraba	2017	NA	0.308401918	0.084675366	-0.12325104	0.102952076
M2	Mudgeeraba	2017	1	0.29230218	0.126146186	-0.092834106	0.163554814
B2	Mudgeeraba	2017	0	0.293541651	0.095144043	-0.101018337	0.11804899
M5	Mudgeeraba	2017	NA	0.305034267	0.096843414	-0.105800461	0.130499262
M6	Mudgeeraba	2017	NA	0.305019183	0.100827332	-0.107193675	0.135926785
M9	Mudgeeraba	2017	0	0.325543263	0.087881363	-0.148895798	0.112852758
M1	Mudgeeraba	2017	NA	0.33005963	0.149139961	-0.12859483	0.186984683
M10	Mudgeeraba	2017	0	0.335408167	0.108806748	-0.144921173	0.13777632
N4	Nerang	2017	NA	0.362170086	0.0911744	-0.164133793	0.113199287
N10	Nerang	2017	0	0.396514835	0.091013408	-0.208697929	0.117895109
N3	Nerang	2017	1	0.345739094	0.103747969	-0.157429302	0.132268739
N12	Nerang	2017	NA	0.421718986	0.092107663	-0.236080997	0.116079793
N2	Nerang	2017	0	0.348454968	0.126928283	-0.168659366	0.163327333
N5	Nerang	2017	1	0.373514513	0.089837517	-0.171283048	0.116947619
N6	Nerang	2017	1	0.378337197	0.087600553	-0.165249197	0.116118655
N9	Nerang	2017	NA	0.381668926	0.107470905	-0.198790058	0.145361999
N11	Nerang	2017	NA	0.407519329	0.108374567	-0.216368962	0.140375478
N1	Nerang	2017	1	0.339432617	0.136077797	-0.171601659	0.167067556
N7	Nerang	2017	NA	0.372213085	0.101347709	-0.160233314	0.14151955
N8	Nerang	2017	1	0.355218935	0.08444128	-0.17091801	0.119548648
A1	Albert	2016	NA	0.333460799	0.110962333	-0.142349045	0.136013373
A6	Albert	2016	NA	0.302925697	0.10181041	-0.120158061	0.122323128
A10	Albert	2016	NA	0.346816889	0.080155274	-0.158214153	0.102892384
A8	Albert	2016	NA	0.314883336	0.116536381	-0.121305749	0.140104719
A7	Albert	2016	NA	0.318940153	0.120270959	-0.124379566	0.143651108
A2	Albert	2016	NA	0.322294023	0.108663788	-0.133181939	0.130301652
A3	Albert	2016	NA	0.330835736	0.137437752	-0.144150826	0.16561372
A9	Albert	2016	NA	0.303916397	0.125698395	-0.128259481	0.122656968
A5	Albert	2016	NA	0.328213229	0.116295299	-0.130103158	0.146326909
A4	Albert	2016	NA	0.336101454	0.134546568	-0.141101359	0.169794751
A11	Albert	2016	NA	0.321531873	0.113731491	-0.118391028	0.151068761
Co7	Coomera	2016	0	0.354500789	0.150748078	-0.153647306	0.18677065
Co15	Coomera	2016	1	0.345576111	0.078876112	-0.192023477	0.096042484
Co2	Coomera	2016	0	0.375930838	0.24013091	-0.220619487	0.287406702
Co9	Coomera	2016	NA	0.328237998	0.115718722	-0.143782646	0.142728527
Co5	Coomera	2016	NA	0.36282633	0.128295487	-0.167231454	0.156538849
Co10	Coomera	2016	1	0.346050398	0.127789517	-0.140726305	0.149604838
Co8	Coomera	2016	NA	0.315127214	0.086376202	-0.126419654	0.10668585
Co14	Coomera	2016	1	0.345028643	0.150913376	-0.182238223	0.175592727
Co12	Coomera	2016	1	0.333782203	0.136094672	-0.17193303	0.168273302
Co11	Coomera	2016	1	0.332675791	0.131760262	-0.169431522	0.157015073
Co3	Coomera	2016	1	0.380682542	0.184560751	-0.195393374	0.221382049
Co16	Coomera	2016	0	0.329169999	0.105434541	-0.176715401	0.125178656
Co1	Coomera	2016	NA	0.420659659	0.322125634	-0.302154575	0.382178783
Co13	Coomera	2016	NA	0.347638225	0.122877705	-0.175118096	0.151945325
Co4	Coomera	2016	0	0.409801571	0.17582127	-0.215692105	0.220871308
Co6	Coomera	2016	NA	0.343300996	0.12481396	-0.142718725	0.151881731
Cu9	Currumbin	2016	NA	0.399688262	0.070524379	-0.240325098	0.085870415
Cu3	Currumbin	2016	NA	0.393355909	0.084913644	-0.237587101	0.096569115
Cu10	Currumbin	2016	1	0.402567079	0.074982688	-0.243884959	0.088577144
Cu4	Currumbin	2016	NA	0.379886329	0.083020346	-0.223805974	0.089705165
Cu11	Currumbin	2016	1	0.389637443	0.076241409	-0.234960008	0.081192104
Cu12	Currumbin	2016	NA	0.390714136	0.07235609	-0.237525834	0.083965775
Cu6	Currumbin	2016	NA	0.382942118	0.083051838	-0.224026281	0.100242226
Cu1	Currumbin	2016	NA	0.379831354	0.098537469	-0.224210425	0.123815737
Cu7	Currumbin	2016	0	0.390631156	0.072711377	-0.229253871	0.084057405
Cu2	Currumbin	2016	NA	0.391659755	0.092929222	-0.240965093	0.108019988
Cu8	Currumbin	2016	0	0.396030629	0.07241546	-0.236778701	0.087278953
Cu5	Currumbin	2016	0	0.378849977	0.086506401	-0.221553636	0.100514095
M11	Mudgeeraba	2016	NA	0.371365782	0.094015288	-0.204047675	0.109964867
M12	Mudgeeraba	2016	NA	0.3660197	0.083354428	-0.21681048	0.109400361
M8	Mudgeeraba	2016	1	0.346244094	0.085580442	-0.194330911	0.10880582
M4	Mudgeeraba	2016	0	0.348579728	0.110386139	-0.181403815	0.127111932
B1	Mudgeeraba	2016	0	0.347545074	0.129434069	-0.188943049	0.156455464
M3	Mudgeeraba	2016	NA	0.347666082	0.114341568	-0.174323669	0.139612112
M7	Mudgeeraba	2016	NA	0.338947991	0.108891149	-0.17265693	0.135993558
M13	Mudgeeraba	2016	NA	0.376073644	0.069986618	-0.230777635	0.082059807
B3	Mudgeeraba	2016	NA	0.332287248	0.080964931	-0.174573864	0.088836295
M2	Mudgeeraba	2016	0	0.337908752	0.123862037	-0.165092782	0.150938631
B2	Mudgeeraba	2016	0	0.330222514	0.091545961	-0.170386156	0.106671738
M5	Mudgeeraba	2016	NA	0.34258794	0.093598593	-0.175551443	0.115430872
M6	Mudgeeraba	2016	0	0.344979911	0.097001493	-0.178050912	0.120659996
M9	Mudgeeraba	2016	0	0.342408058	0.087795033	-0.19345935	0.102390255
M1	Mudgeeraba	2016	NA	0.37476431	0.141897653	-0.198091411	0.170610983
M10	Mudgeeraba	2016	0	0.355379915	0.105048753	-0.1957667	0.123952129
N4	Nerang	2016	NA	0.367940249	0.096013721	-0.19237471	0.111220156
N10	Nerang	2016	1	0.411481743	0.095206882	-0.241906225	0.108931488
N3	Nerang	2016	1	0.355080928	0.104894408	-0.196130703	0.12496019
N12	Nerang	2016	NA	0.423741933	0.096213985	-0.255458897	0.106704895
N2	Nerang	2016	0	0.356315999	0.125744268	-0.20678517	0.153620833
N5	Nerang	2016	1	0.381488008	0.095160864	-0.198285465	0.115702225
N6	Nerang	2016	1	0.387094128	0.089076488	-0.203552451	0.109335994
N9	Nerang	2016	NA	0.379605217	0.111328037	-0.225061161	0.136409065
N11	Nerang	2016	NA	0.407958007	0.111697496	-0.238769535	0.127304904
N1	Nerang	2016	0	0.340183634	0.1362239	-0.19623704	0.160074175
N7	Nerang	2016	NA	0.39463069	0.100954839	-0.214911383	0.130600329
N8	Nerang	2016	1	0.362816362	0.090756929	-0.20824203	0.103011164
A1	Albert	2015	NA	0.352182348	0.108531686	-0.193933413	0.123356089
A6	Albert	2015	NA	0.326427459	0.100873488	-0.176928254	0.112012467
A10	Albert	2015	NA	0.357067281	0.087574871	-0.198935293	0.098570114
A8	Albert	2015	NA	0.336776767	0.113605278	-0.177952696	0.128307713
A7	Albert	2015	NA	0.339267778	0.117594401	-0.179185013	0.131644335
A2	Albert	2015	NA	0.341862999	0.106874742	-0.185829378	0.118158264
A3	Albert	2015	NA	0.343548163	0.136231364	-0.190586497	0.154766842
A9	Albert	2015	NA	0.31324395	0.125429441	-0.168011322	0.119079568
A5	Albert	2015	NA	0.346666248	0.113791357	-0.186712885	0.133304176
A4	Albert	2015	NA	0.35137882	0.13289583	-0.1934344	0.156039539
A11	Albert	2015	NA	0.342722389	0.120084534	-0.17439098	0.142027278
Co7	Coomera	2015	NA	0.369953909	0.147239095	-0.198417359	0.174187142
Co15	Coomera	2015	1	0.353292508	0.082460422	-0.217581341	0.095864511
Co2	Coomera	2015	NA	0.378048677	0.244484439	-0.249725664	0.277926535
Co9	Coomera	2015	NA	0.349278352	0.115533864	-0.191385338	0.135475828
Co5	Coomera	2015	NA	0.366321894	0.133532095	-0.197303204	0.154106366
Co10	Coomera	2015	0	0.359203081	0.124410849	-0.184190351	0.137383384
Co8	Coomera	2015	NA	0.339581967	0.0840225	-0.182973987	0.096987234
Co14	Coomera	2015	0	0.347154497	0.150497318	-0.202630401	0.172857686
Co12	Coomera	2015	1	0.351978793	0.136789828	-0.211474656	0.16143834
Co11	Coomera	2015	1	0.356566865	0.132790827	-0.215176906	0.150844031
Co3	Coomera	2015	1	0.382633594	0.187477751	-0.219659078	0.216324458
Co16	Coomera	2015	NA	0.350680129	0.112635385	-0.216398345	0.121044288
Co1	Coomera	2015	NA	0.433838538	0.319520386	-0.341713964	0.362271733
Co13	Coomera	2015	NA	0.369355424	0.125881866	-0.216171772	0.14839912
Co4	Coomera	2015	0	0.405882066	0.182716691	-0.237306491	0.217045145
Co6	Coomera	2015	NA	0.357949569	0.121599364	-0.188725171	0.141348843
Cu9	Currumbin	2015	NA	0.379489251	0.081832988	-0.229266071	0.092332198
Cu3	Currumbin	2015	NA	0.374763727	0.094530233	-0.228592903	0.100431665
Cu10	Currumbin	2015	0	0.38479235	0.08607306	-0.237101743	0.092700395
Cu4	Currumbin	2015	NA	0.36327791	0.095050872	-0.217824306	0.093392732
Cu11	Currumbin	2015	0	0.362897275	0.096568903	-0.224661517	0.087879895
Cu12	Currumbin	2015	NA	0.371597007	0.088424413	-0.231185976	0.089171331
Cu6	Currumbin	2015	NA	0.360069644	0.096513161	-0.212487027	0.105811877
Cu1	Currumbin	2015	NA	0.367467039	0.103401671	-0.219483644	0.124956594
Cu7	Currumbin	2015	0	0.365486079	0.085246758	-0.215666929	0.090976784
Cu2	Currumbin	2015	NA	0.36772192	0.105124908	-0.228861304	0.112900032
Cu8	Currumbin	2015	0	0.378160946	0.083542838	-0.228099137	0.092823352
Cu5	Currumbin	2015	1	0.359273218	0.098338611	-0.21269749	0.105035952
M11	Mudgeeraba	2015	NA	0.382539807	0.095938244	-0.225884076	0.108967149
M12	Mudgeeraba	2015	NA	0.388209853	0.084228567	-0.251736224	0.099893863
M8	Mudgeeraba	2015	NA	0.348540276	0.087339082	-0.214658605	0.107617907
M4	Mudgeeraba	2015	0	0.361031244	0.109592863	-0.213328221	0.123520593
B1	Mudgeeraba	2015	NA	0.348684594	0.128001368	-0.207871481	0.151557173
M3	Mudgeeraba	2015	NA	0.344318422	0.114544052	-0.194274392	0.135287462
M7	Mudgeeraba	2015	1	0.378234046	0.10880354	-0.225857648	0.130923261
M13	Mudgeeraba	2015	NA	0.392553643	0.075938595	-0.25629265	0.080880473
B3	Mudgeeraba	2015	NA	0.343739009	0.086953926	-0.20093571	0.090685994
M2	Mudgeeraba	2015	1	0.334873537	0.122778903	-0.185455442	0.146007694
B2	Mudgeeraba	2015	0	0.341338575	0.092330922	-0.196463661	0.104565497
M5	Mudgeeraba	2015	NA	0.355398755	0.0953365	-0.212447929	0.1103357
M6	Mudgeeraba	2015	NA	0.363712415	0.097654562	-0.218409707	0.11676116
M9	Mudgeeraba	2015	1	0.351595986	0.089605028	-0.218836255	0.101544763
M1	Mudgeeraba	2015	NA	0.348601383	0.139826919	-0.1899561	0.169257672
M10	Mudgeeraba	2015	NA	0.359902768	0.105105671	-0.214569693	0.121329803
N4	Nerang	2015	NA	0.371003303	0.096805596	-0.208878216	0.112084166
N10	Nerang	2015	NA	0.403996268	0.100498474	-0.240401999	0.112694698
N3	Nerang	2015	NA	0.36152234	0.10501043	-0.217129758	0.124118233
N12	Nerang	2015	NA	0.403094787	0.106447672	-0.237038446	0.116379325
N2	Nerang	2015	NA	0.364877264	0.126838063	-0.230704523	0.151461922
N5	Nerang	2015	NA	0.379525982	0.098706565	-0.208706179	0.117701167
N6	Nerang	2015	NA	0.371297493	0.092445542	-0.19819757	0.111583128
N9	Nerang	2015	NA	0.367178028	0.119434103	-0.223528101	0.138956216
N11	Nerang	2015	NA	0.389046758	0.122105247	-0.226361284	0.130893597
N1	Nerang	2015	NA	0.364612319	0.134868871	-0.237116339	0.152437428
N7	Nerang	2015	NA	0.385923545	0.103408231	-0.213712125	0.133291276
N8	Nerang	2015	NA	0.363385867	0.102323149	-0.221739426	0.109741859
A1	Albert	2014	NA	0.306447346	0.112446195	-0.097238291	0.147600281
A6	Albert	2014	NA	0.289333639	0.103254166	-0.083677119	0.13414371
A10	Albert	2014	NA	0.320299389	0.08362578	-0.102514451	0.117227518
A8	Albert	2014	NA	0.293242551	0.118420298	-0.076087875	0.154823372
A7	Albert	2014	NA	0.297699488	0.123716619	-0.082047797	0.161955587
A2	Albert	2014	NA	0.302398631	0.10772895	-0.094161949	0.140037182
A3	Albert	2014	NA	0.311561391	0.138917567	-0.107351263	0.176673132
A9	Albert	2014	NA	0.287280848	0.12389366	-0.091802053	0.144612953
A5	Albert	2014	NA	0.304227479	0.120402165	-0.085864296	0.157091181
A4	Albert	2014	NA	0.314590763	0.139700291	-0.10250789	0.181003982
A11	Albert	2014	NA	0.315423612	0.115465767	-0.087371542	0.149838045
Co7	Coomera	2014	NA	0.335189072	0.153214049	-0.109542579	0.201974026
Co15	Coomera	2014	1	0.357573817	0.073224006	-0.180833383	0.090325678
Co2	Coomera	2014	NA	0.348622976	0.246235793	-0.178204579	0.302344977
Co9	Coomera	2014	NA	0.31373206	0.115806384	-0.10249793	0.149139479
Co5	Coomera	2014	NA	0.331449404	0.132198579	-0.110449439	0.17138335
Co10	Coomera	2014	0	0.327501192	0.128534413	-0.094351276	0.166411265
Co8	Coomera	2014	NA	0.299013077	0.08219364	-0.076280306	0.108731417
Co14	Coomera	2014	0	0.32550529	0.149701942	-0.135937202	0.187088615
Co12	Coomera	2014	1	0.317254981	0.137253534	-0.131596496	0.16986516
Co11	Coomera	2014	1	0.321610462	0.132547132	-0.13661953	0.163850054
Co3	Coomera	2014	1	0.334506084	0.189970763	-0.130389258	0.241507787
Co16	Coomera	2014	NA	0.33250181	0.106627827	-0.157676169	0.131054637
Co1	Coomera	2014	NA	0.39668557	0.333986491	-0.269994594	0.395020534
Co13	Coomera	2014	NA	0.329736908	0.124429943	-0.137622905	0.157706569
Co4	Coomera	2014	1	0.371557938	0.182229479	-0.160292773	0.236055943
Co6	Coomera	2014	NA	0.318512087	0.12699095	-0.090259364	0.16597288
Cu9	Currumbin	2014	NA	0.391846835	0.072969697	-0.209809118	0.095091645
Cu3	Currumbin	2014	NA	0.394101847	0.087176168	-0.218039743	0.110150322
Cu10	Currumbin	2014	1	0.389721641	0.077494571	-0.208833687	0.099257042
Cu4	Currumbin	2014	NA	0.379366249	0.085008477	-0.208253694	0.103252118
Cu11	Currumbin	2014	1	0.39064057	0.071908253	-0.214159824	0.094249856
Cu12	Currumbin	2014	NA	0.381261728	0.072292115	-0.209843081	0.092039289
Cu6	Currumbin	2014	NA	0.393124305	0.078186274	-0.210899444	0.098891762
Cu1	Currumbin	2014	NA	0.343936381	0.110139835	-0.173810529	0.131337219
Cu7	Currumbin	2014	0	0.384500195	0.070579721	-0.201813082	0.093271332
Cu2	Currumbin	2014	NA	0.399425583	0.093424659	-0.220834341	0.119163963
Cu8	Currumbin	2014	0	0.38385199	0.071145998	-0.203894712	0.094853418
Cu5	Currumbin	2014	0	0.37898334	0.087363209	-0.203850911	0.107344837
M11	Mudgeeraba	2014	NA	0.376781627	0.089659228	-0.188617396	0.112440456
M12	Mudgeeraba	2014	NA	0.386654465	0.074273926	-0.222044134	0.091784352
M8	Mudgeeraba	2014	NA	0.353584079	0.082083177	-0.175494424	0.100140471
M4	Mudgeeraba	2014	0	0.34615541	0.110284702	-0.160507853	0.138325906
B1	Mudgeeraba	2014	0	0.334514176	0.131166705	-0.150958462	0.161614413
M3	Mudgeeraba	2014	NA	0.343972711	0.115929551	-0.152232121	0.140991595
M7	Mudgeeraba	2014	1	0.317513152	0.113567278	-0.136326375	0.140770201
M13	Mudgeeraba	2014	NA	0.389224835	0.062823922	-0.230487	0.072684898
B3	Mudgeeraba	2014	NA	0.336105178	0.079931182	-0.157111285	0.100627785
M2	Mudgeeraba	2014	1	0.33140847	0.126096297	-0.143119864	0.150311509
B2	Mudgeeraba	2014	1	0.321399934	0.0931022	-0.129642497	0.115556323
M5	Mudgeeraba	2014	NA	0.350725486	0.093401063	-0.159700649	0.11550557
M6	Mudgeeraba	2014	0	0.351532936	0.096618955	-0.162524443	0.119514882
M9	Mudgeeraba	2014	1	0.344680587	0.086194636	-0.171343779	0.106069011
M1	Mudgeeraba	2014	NA	0.35582051	0.143923293	-0.158511	0.17612296
M10	Mudgeeraba	2014	NA	0.352280176	0.107316745	-0.166135188	0.134764557
N4	Nerang	2014	NA	0.385257798	0.094816063	-0.191297992	0.111629571
N10	Nerang	2014	NA	0.403210402	0.095679068	-0.212634308	0.119452515
N3	Nerang	2014	NA	0.368646903	0.105883137	-0.186844197	0.125161262
N12	Nerang	2014	NA	0.418564141	0.093134898	-0.228039412	0.124298383
N2	Nerang	2014	NA	0.361849781	0.126424994	-0.187634445	0.156442683
N5	Nerang	2014	NA	0.398444683	0.09302271	-0.198008721	0.114911286
N6	Nerang	2014	NA	0.399747345	0.08845583	-0.193482762	0.112881477
N9	Nerang	2014	NA	0.385713003	0.107721929	-0.199099368	0.139517737
N11	Nerang	2014	NA	0.417377933	0.106067963	-0.224480029	0.142488881
N1	Nerang	2014	NA	0.352207401	0.133753692	-0.192303706	0.164448018
N7	Nerang	2014	NA	0.400242263	0.100505278	-0.191056295	0.129740726
N8	Nerang	2014	NA	0.381975473	0.083570951	-0.199909121	0.10850005
A1	Albert	2013	NA	0.363578823	0.106728118	-0.190853044	0.127473675
A6	Albert	2013	NA	0.34059416	0.099181027	-0.176266804	0.116602903
A10	Albert	2013	NA	0.371346616	0.085306285	-0.197055746	0.096615212
A8	Albert	2013	NA	0.350087598	0.111310623	-0.178563646	0.136207275
A7	Albert	2013	NA	0.35326228	0.115284579	-0.182935806	0.141420027
A2	Albert	2013	NA	0.357059697	0.105743265	-0.187408899	0.122913349
A3	Albert	2013	NA	0.362609254	0.135162062	-0.198769692	0.159501814
A9	Albert	2013	NA	0.328711102	0.127105336	-0.175978155	0.137860597
A5	Albert	2013	NA	0.356613881	0.115220831	-0.18170149	0.138769766
A4	Albert	2013	NA	0.364014652	0.133777971	-0.193567662	0.160924966
A11	Albert	2013	NA	0.36745727	0.108699151	-0.18387723	0.13035727
Co7	Coomera	2013	NA	0.382384637	0.14535367	-0.204513143	0.181034118
Co15	Coomera	2013	1	0.364982755	0.081635009	-0.216337071	0.087568656
Co2	Coomera	2013	NA	0.385389054	0.239856434	-0.24472566	0.280076006
Co9	Coomera	2013	NA	0.357297189	0.113447177	-0.191229678	0.136023594
Co5	Coomera	2013	NA	0.389502342	0.126644202	-0.207892942	0.15381898
Co10	Coomera	2013	0	0.368801626	0.125742507	-0.187632497	0.152504213
Co8	Coomera	2013	NA	0.354958036	0.085026483	-0.186983119	0.095019629
Co14	Coomera	2013	0	0.35519199	0.15039916	-0.204182872	0.173665839
Co12	Coomera	2013	1	0.352195114	0.137605008	-0.200090889	0.157648838
Co11	Coomera	2013	0	0.358602794	0.132335815	-0.207851935	0.152341643
Co3	Coomera	2013	1	0.391248755	0.183839196	-0.219233707	0.220665592
Co16	Coomera	2013	NA	0.357776182	0.112529367	-0.217681723	0.117233929
Co1	Coomera	2013	NA	0.438931068	0.317367676	-0.332588994	0.36444231
Co13	Coomera	2013	NA	0.376036268	0.126250962	-0.217167619	0.145455046
Co4	Coomera	2013	1	0.419189032	0.176888111	-0.239787499	0.217541774
Co6	Coomera	2013	NA	0.365711249	0.12100007	-0.188791133	0.14861654
Cu9	Currumbin	2013	NA	0.386238571	0.081239887	-0.225085739	0.087266284
Cu3	Currumbin	2013	NA	0.388522099	0.093113021	-0.236075637	0.101604947
Cu10	Currumbin	2013	1	0.393154254	0.083497937	-0.233968432	0.089066966
Cu4	Currumbin	2013	NA	0.377215249	0.092360133	-0.226550664	0.097765974
Cu11	Currumbin	2013	1	0.371879556	0.093382881	-0.222855487	0.0884022
Cu12	Currumbin	2013	NA	0.380716218	0.08570004	-0.229020593	0.084434764
Cu6	Currumbin	2013	NA	0.372011119	0.092670682	-0.216628065	0.097404249
Cu1	Currumbin	2013	NA	0.374700384	0.104910312	-0.215137785	0.122423904
Cu7	Currumbin	2013	1	0.373472474	0.083761475	-0.215682966	0.089363965
Cu2	Currumbin	2013	NA	0.381345797	0.103403547	-0.234331049	0.112431134
Cu8	Currumbin	2013	0	0.381064084	0.083895074	-0.220912491	0.091041662
Cu5	Currumbin	2013	0	0.372915421	0.09385621	-0.219223737	0.102846572
M11	Mudgeeraba	2013	NA	0.387677495	0.093478472	-0.222734181	0.111201279
M12	Mudgeeraba	2013	NA	0.394608762	0.083820554	-0.250669264	0.092022216
M8	Mudgeeraba	2013	0	0.362385599	0.088293761	-0.215127848	0.096877575
M4	Mudgeeraba	2013	0	0.367382828	0.109184193	-0.206983334	0.130427629
B1	Mudgeeraba	2013	0	0.354052281	0.128108021	-0.197483443	0.153015529
M3	Mudgeeraba	2013	NA	0.35351732	0.114118571	-0.188287382	0.134790987
M7	Mudgeeraba	2013	0	0.38546555	0.111947904	-0.226417695	0.127508579
M13	Mudgeeraba	2013	NA	0.394844891	0.074504541	-0.254131517	0.07424606
B3	Mudgeeraba	2013	NA	0.348186358	0.086061334	-0.194796695	0.096903837
M2	Mudgeeraba	2013	0	0.344750326	0.122419769	-0.180587792	0.142904882
B2	Mudgeeraba	2013	0	0.347759593	0.091885794	-0.187446024	0.108333939
M5	Mudgeeraba	2013	NA	0.363114821	0.093722748	-0.202916327	0.108648145
M6	Mudgeeraba	2013	0	0.374009788	0.097920236	-0.21343901	0.114253669
M9	Mudgeeraba	2013	0	0.362271131	0.089794446	-0.218666464	0.100756146
M1	Mudgeeraba	2013	NA	0.370716763	0.138085768	-0.198292153	0.16644862
M10	Mudgeeraba	2013	NA	0.368558457	0.103638396	-0.211343884	0.125658621
N4	Nerang	2013	NA	0.372275804	0.095733065	-0.20333945	0.112625905
N10	Nerang	2013	NA	0.406503387	0.100347189	-0.242064383	0.112859633
N3	Nerang	2013	NA	0.36132662	0.105011473	-0.209978315	0.123058975
N12	Nerang	2013	NA	0.400443468	0.107766981	-0.236061317	0.125982186
N2	Nerang	2013	NA	0.364314218	0.127599763	-0.225317149	0.150180248
N5	Nerang	2013	NA	0.382779631	0.097233799	-0.204510707	0.116417928
N6	Nerang	2013	NA	0.374549837	0.092577305	-0.197654455	0.110581864
N9	Nerang	2013	NA	0.372255871	0.116714048	-0.223835111	0.133535821
N11	Nerang	2013	NA	0.382041035	0.123377232	-0.220016245	0.1410717
N1	Nerang	2013	NA	0.369701889	0.133406437	-0.239464417	0.15311465
N7	Nerang	2013	NA	0.381510348	0.101997826	-0.200491912	0.126128986
N8	Nerang	2013	NA	0.357710643	0.100422875	-0.207571694	0.110009386
