siteID	catchment	year	occurrence	ndvi	ndvi_dev	ndbi	ndbi_dev	LC
A1	Albert	2013	NA	0.337674609	0.07448307	-0.162279296	0.073029603	11.8170451
A10	Albert	2013	NA	0.370206346	0.074951727	-0.216561619	0.074266592	39.99013948
A11	Albert	2013	NA	0.335853592	0.072938319	-0.158330743	0.069297803	9.314342026
A2	Albert	2013	NA	0.337636668	0.074421345	-0.162226488	0.072915319	11.83491884
A3	Albert	2013	NA	0.337541494	0.074400671	-0.162099635	0.072823707	11.89394281
A4	Albert	2013	NA	0.337532317	0.07434276	-0.162069393	0.072736552	11.53424363
A5	Albert	2013	NA	0.337516968	0.074297611	-0.162047649	0.07265667	11.54097183
A6	Albert	2013	NA	0.337027787	0.073710652	-0.161193465	0.071905217	11.61003808
A7	Albert	2013	NA	0.337062198	0.07364785	-0.161157136	0.071790758	11.64860299
A8	Albert	2013	NA	0.337052937	0.073619722	-0.161142047	0.071739975	11.6510603
A9	Albert	2013	NA	0.367251251	0.080585864	-0.213771552	0.081210653	59.81873169
B1	Mudgeeraba	2013	0	0.364129503	0.080630591	-0.217632536	0.084572434	71.2850159
B2	Mudgeeraba	2013	0	0.364818309	0.077650906	-0.218659151	0.079892234	41.600796
B3	Mudgeeraba	2013	NA	0.369835102	0.082864755	-0.225328711	0.086333245	44.58893871
Co1	Coomera	2013	NA	0.372194977	0.097932506	-0.217082194	0.101552208	23.67072265
Co10	Coomera	2013	0	0.372856711	0.094528341	-0.218355422	0.095122863	9.432419251
Co11	Coomera	2013	0	0.374154426	0.09554487	-0.220716804	0.095217967	9.448782967
Co12	Coomera	2013	1	0.37417644	0.095438558	-0.220746719	0.094981568	9.094013371
Co13	Coomera	2013	NA	0.37434371	0.09527473	-0.220921983	0.094709936	8.845877545
Co14	Coomera	2013	0	0.374312347	0.095033823	-0.220893576	0.094305534	8.179334423
Co15	Coomera	2013	1	0.373904654	0.095623634	-0.220563864	0.094435369	6.458459428
Co16	Coomera	2013	NA	0.373703215	0.095527017	-0.22046797	0.094149271	5.97163574
Co2	Coomera	2013	NA	0.371934525	0.096140655	-0.216625812	0.099102283	22.17449208
Co3	Coomera	2013	1	0.372133582	0.093321867	-0.216629778	0.095142043	21.28467823
Co4	Coomera	2013	1	0.372277258	0.092335762	-0.216882685	0.093524003	20.78235504
Co5	Coomera	2013	NA	0.372153246	0.091878388	-0.216798912	0.092843851	20.75467468
Co6	Coomera	2013	NA	0.373641728	0.093293545	-0.21857359	0.094202712	16.51097805
Co7	Coomera	2013	NA	0.372884568	0.095055682	-0.218121917	0.096249413	12.71423962
Co8	Coomera	2013	NA	0.380666017	0.078097393	-0.224672223	0.074703288	40.53831634
Co9	Coomera	2013	NA	0.374408796	0.095168224	-0.220490674	0.095138948	12.83696861
Cu1	Currumbin	2013	NA	0.380869467	0.086908184	-0.226373316	0.084285963	33.94575166
Cu10	Currumbin	2013	1	0.384195804	0.085109442	-0.232224639	0.071696975	19.98793352
Cu11	Currumbin	2013	1	0.38319445	0.085453561	-0.232264361	0.070348025	18.33242973
Cu12	Currumbin	2013	NA	0.383021958	0.086814182	-0.231948428	0.071149498	16.66583416
Cu2	Currumbin	2013	NA	0.381185232	0.086137443	-0.227336731	0.082146421	33.60149494
Cu3	Currumbin	2013	NA	0.381819738	0.085412392	-0.227630002	0.080943517	32.68323925
Cu4	Currumbin	2013	NA	0.381497204	0.085163934	-0.227295559	0.080384735	31.67585179
Cu5	Currumbin	2013	0	0.381304541	0.085154485	-0.227059359	0.080268458	30.63618437
Cu6	Currumbin	2013	NA	0.381151002	0.085374486	-0.226872018	0.079719184	29.88362303
Cu7	Currumbin	2013	1	0.38296604	0.084071493	-0.229536129	0.074782579	28.3465256
Cu8	Currumbin	2013	0	0.383848304	0.084075545	-0.230841316	0.073722998	26.2912899
Cu9	Currumbin	2013	NA	0.384007621	0.084554597	-0.231290042	0.073057955	23.13807332
M1	Mudgeeraba	2013	NA	NA	NA	NA	NA	51.16308307
M10	Mudgeeraba	2013	NA	0.391738175	0.085148333	-0.246130536	0.090323292	12.28530354
M11	Mudgeeraba	2013	NA	0.395558209	0.08367464	-0.250642386	0.08698555	5.100670271
M12	Mudgeeraba	2013	NA	0.398638582	0.081667278	-0.259391729	0.078587203	2.677878161
M13	Mudgeeraba	2013	NA	0.397929176	0.079867606	-0.259988469	0.073446128	2.963820726
M2	Mudgeeraba	2013	0	0.377086181	0.088451604	-0.227913001	0.096941039	42.98806473
M3	Mudgeeraba	2013	NA	0.37756882	0.087853552	-0.228496629	0.096132279	42.64539981
M4	Mudgeeraba	2013	0	0.379710794	0.087478536	-0.231691237	0.094956027	38.8739436
M5	Mudgeeraba	2013	NA	0.382043623	0.085479074	-0.235115521	0.091208794	33.04208705
M6	Mudgeeraba	2013	0	0.38280522	0.085223258	-0.236013978	0.090807909	31.67639977
M7	Mudgeeraba	2013	0	0.385169218	0.083758984	-0.239800053	0.088002724	21.74131966
M8	Mudgeeraba	2013	0	0.386596327	0.084415851	-0.241241181	0.089012147	18.73570806
M9	Mudgeeraba	2013	0	0.387627623	0.084147266	-0.242535485	0.088611563	16.26169475
N1	Nerang	2013	NA	0.379223416	0.099779827	-0.23311645	0.094655554	4.065063992
N10	Nerang	2013	NA	0.380639181	0.105621305	-0.236743217	0.089950048	5.164419495
N11	Nerang	2013	NA	0.378526639	0.107509469	-0.235930596	0.090488952	5.296888079
N12	Nerang	2013	NA	0.397918087	0.097172234	-0.247350753	0.082694195	4.317946838
N2	Nerang	2013	NA	0.379427697	0.099512973	-0.233174134	0.093981934	3.695425995
N3	Nerang	2013	NA	0.379623187	0.09895493	-0.233134316	0.093099016	3.729259152
N4	Nerang	2013	NA	0.380313816	0.098808462	-0.233389425	0.092446623	3.781056066
N5	Nerang	2013	NA	0.380279347	0.098564243	-0.233317976	0.092010872	3.752313919
N6	Nerang	2013	NA	0.380896754	0.099591143	-0.234866958	0.091857892	3.842471396
N7	Nerang	2013	NA	0.380950228	0.100258276	-0.235851427	0.091671803	4.024900702
N8	Nerang	2013	NA	0.376268595	0.10331446	-0.23323802	0.091542222	4.797028646
N9	Nerang	2013	NA	0.377437654	0.10534238	-0.235131242	0.090726325	5.488182591
A1	Albert	2014	NA	0.307894653	0.070180351	-0.097646585	0.098730411	NA
A10	Albert	2014	NA	0.334799949	0.068183633	-0.150261437	0.089441281	NA
A11	Albert	2014	NA	0.308372675	0.068679549	-0.096322256	0.097612082	NA
A2	Albert	2014	NA	0.307902278	0.070101545	-0.097642125	0.098645177	NA
A3	Albert	2014	NA	0.307913733	0.070073267	-0.097611351	0.098648955	NA
A4	Albert	2014	NA	0.30794853	0.070000371	-0.097641021	0.098591353	NA
A5	Albert	2014	NA	0.307938291	0.069948005	-0.097621611	0.098534815	NA
A6	Albert	2014	NA	0.307850803	0.069765982	-0.097260283	0.098411622	NA
A7	Albert	2014	NA	0.307950866	0.069676016	-0.097307498	0.098362185	NA
A8	Albert	2014	NA	0.307943044	0.069641414	-0.097294344	0.098322285	NA
A9	Albert	2014	NA	0.331484807	0.074629149	-0.146262746	0.095668469	NA
B1	Mudgeeraba	2014	0	0.347670076	0.069257747	-0.174486452	0.087468412	NA
B2	Mudgeeraba	2014	1	0.348353326	0.064905579	-0.17553694	0.082365027	NA
B3	Mudgeeraba	2014	NA	0.355684396	0.069376831	-0.186553701	0.088183932	NA
Co1	Coomera	2014	NA	0.350137983	0.090495557	-0.162093753	0.114881946	NA
Co10	Coomera	2014	0	0.356552882	0.083829074	-0.170833586	0.106603001	NA
Co11	Coomera	2014	1	0.361334264	0.082945103	-0.177534041	0.104902873	NA
Co12	Coomera	2014	1	0.361532618	0.082696386	-0.177772164	0.104606172	NA
Co13	Coomera	2014	NA	0.361754199	0.082403415	-0.178011352	0.104284042	NA
Co14	Coomera	2014	0	0.362057427	0.081979698	-0.178297529	0.103859684	NA
Co15	Coomera	2014	1	0.363377021	0.081841647	-0.179431262	0.103911862	NA
Co16	Coomera	2014	NA	0.363961195	0.08140097	-0.179985105	0.103508887	NA
Co2	Coomera	2014	NA	0.349971601	0.088320843	-0.1616905	0.112404453	NA
Co3	Coomera	2014	1	0.350938923	0.084701777	-0.162512244	0.108451545	NA
Co4	Coomera	2014	1	0.351461755	0.08322393	-0.163198803	0.106576058	NA
Co5	Coomera	2014	NA	0.351415543	0.082694895	-0.163177088	0.105901525	NA
Co6	Coomera	2014	NA	0.355938098	0.083218062	-0.168733712	0.106334161	NA
Co7	Coomera	2014	NA	0.35632166	0.084710418	-0.170156154	0.108015933	NA
Co8	Coomera	2014	NA	0.356743735	0.068257724	-0.164223864	0.087954259	NA
Co9	Coomera	2014	NA	0.360222114	0.08303356	-0.175751395	0.10525762	NA
Cu1	Currumbin	2014	NA	0.389410533	0.071672649	-0.212608574	0.087855523	NA
Cu10	Currumbin	2014	1	0.396718586	0.060300194	-0.221737846	0.073426254	NA
Cu11	Currumbin	2014	1	0.396496474	0.058827623	-0.222459016	0.0712872	NA
Cu12	Currumbin	2014	NA	0.39785695	0.058358737	-0.22303559	0.071414919	NA
Cu2	Currumbin	2014	NA	0.392515279	0.067962546	-0.215100989	0.085024816	NA
Cu3	Currumbin	2014	NA	0.392984887	0.066808372	-0.215611335	0.083592415	NA
Cu4	Currumbin	2014	NA	0.392745585	0.066203914	-0.215447203	0.082854134	NA
Cu5	Currumbin	2014	0	0.392371847	0.066089814	-0.215068399	0.082740278	NA
Cu6	Currumbin	2014	NA	0.393853035	0.064863906	-0.215781511	0.081824362	NA
Cu7	Currumbin	2014	0	0.394359145	0.062127905	-0.217844473	0.077470662	NA
Cu8	Currumbin	2014	0	0.395126158	0.061290567	-0.219630984	0.075842094	NA
Cu9	Currumbin	2014	NA	0.396110372	0.060965447	-0.220722713	0.075252572	NA
M1	Mudgeeraba	2014	NA	NA	NA	NA	NA	NA
M10	Mudgeeraba	2014	NA	0.386993775	0.076044414	-0.22126563	0.093571593	NA
M11	Mudgeeraba	2014	NA	0.393498251	0.071185156	-0.229592659	0.086479082	NA
M12	Mudgeeraba	2014	NA	0.399142887	0.065380494	-0.242206875	0.07518878	NA
M13	Mudgeeraba	2014	NA	0.400082524	0.061944199	-0.24517557	0.068592765	NA
M2	Mudgeeraba	2014	1	0.367074851	0.083656219	-0.194204071	0.102939519	NA
M3	Mudgeeraba	2014	NA	0.367674416	0.08282519	-0.194815788	0.102157702	NA
M4	Mudgeeraba	2014	0	0.37012521	0.081826646	-0.198671294	0.100818868	NA
M5	Mudgeeraba	2014	NA	0.37429623	0.078100437	-0.204074805	0.096161537	NA
M6	Mudgeeraba	2014	0	0.374519426	0.077823925	-0.204739353	0.095766938	NA
M7	Mudgeeraba	2014	1	0.378879044	0.075176116	-0.211427564	0.091993078	NA
M8	Mudgeeraba	2014	NA	0.380715257	0.075911654	-0.213424517	0.093050617	NA
M9	Mudgeeraba	2014	1	0.38184783	0.075625408	-0.215394597	0.092392875	NA
N1	Nerang	2014	NA	0.392976072	0.079601065	-0.2214167	0.09423738	NA
N10	Nerang	2014	NA	0.403625693	0.073501201	-0.234706662	0.085399914	NA
N11	Nerang	2014	NA	0.404730415	0.073302179	-0.237253641	0.084460243	NA
N12	Nerang	2014	NA	0.41408699	0.065132427	-0.241938189	0.079187153	NA
N2	Nerang	2014	NA	0.393737093	0.078655172	-0.222013311	0.09317365	NA
N3	Nerang	2014	NA	0.394142868	0.077740609	-0.22229309	0.09205484	NA
N4	Nerang	2014	NA	0.395508525	0.076621693	-0.223512712	0.090823078	NA
N5	Nerang	2014	NA	0.395565042	0.076212961	-0.22355364	0.090299288	NA
N6	Nerang	2014	NA	0.396775413	0.07575473	-0.225726924	0.089917705	NA
N7	Nerang	2014	NA	0.39711375	0.075747873	-0.22700157	0.089513358	NA
N8	Nerang	2014	NA	0.398675092	0.074246016	-0.228965739	0.088349407	NA
N9	Nerang	2014	NA	0.401493401	0.074232269	-0.233064622	0.086877654	NA
A1	Albert	2015	NA	0.329121459	0.076163758	-0.186997248	0.073994657	NA
A10	Albert	2015	NA	0.357629027	0.07696209	-0.212556086	0.07473201	NA
A11	Albert	2015	NA	0.327256285	0.075121806	-0.184906455	0.06955747	NA
A2	Albert	2015	NA	0.329077192	0.076095651	-0.186941309	0.073820707	NA
A3	Albert	2015	NA	0.328954624	0.076076428	-0.186866231	0.073749582	NA
A4	Albert	2015	NA	0.328971344	0.076023678	-0.186915654	0.073618126	NA
A5	Albert	2015	NA	0.328958289	0.075977497	-0.186900947	0.073475035	NA
A6	Albert	2015	NA	0.328533615	0.075716756	-0.186445523	0.072866445	NA
A7	Albert	2015	NA	0.328586461	0.075659086	-0.186549716	0.072711974	NA
A8	Albert	2015	NA	0.328579467	0.075630564	-0.186540267	0.072623496	NA
A9	Albert	2015	NA	0.354436912	0.082256547	-0.20940848	0.079348526	NA
B1	Mudgeeraba	2015	NA	0.356997302	0.081631184	-0.220946208	0.08122301	NA
B2	Mudgeeraba	2015	0	0.357525109	0.078778014	-0.221599246	0.076426264	NA
B3	Mudgeeraba	2015	NA	0.364136873	0.084074719	-0.228169002	0.080288104	NA
Co1	Coomera	2015	NA	0.364646671	0.098287717	-0.216126505	0.10021298	NA
Co10	Coomera	2015	0	0.36690046	0.094334678	-0.218763473	0.093515384	NA
Co11	Coomera	2015	1	0.368400381	0.095330205	-0.220994721	0.094013414	NA
Co12	Coomera	2015	1	0.368428497	0.095206627	-0.221019867	0.09373484	NA
Co13	Coomera	2015	NA	0.368564414	0.095050315	-0.221140084	0.093553085	NA
Co14	Coomera	2015	0	0.368523494	0.094828518	-0.221107678	0.093094564	NA
Co15	Coomera	2015	1	0.368374109	0.095347765	-0.220767666	0.093312608	NA
Co16	Coomera	2015	NA	0.368194111	0.095300655	-0.220702355	0.093069317	NA
Co2	Coomera	2015	NA	0.364369701	0.096474722	-0.215656586	0.097767628	NA
Co3	Coomera	2015	1	0.364865397	0.093358296	-0.215881789	0.093507467	NA
Co4	Coomera	2015	0	0.365018731	0.092323464	-0.216093729	0.091874649	NA
Co5	Coomera	2015	NA	0.364871183	0.09184803	-0.215966639	0.091162495	NA
Co6	Coomera	2015	NA	0.367120853	0.093186439	-0.218343163	0.092649793	NA
Co7	Coomera	2015	NA	0.366922225	0.094887721	-0.218542097	0.094638018	NA
Co8	Coomera	2015	NA	0.36990412	0.078791005	-0.219358882	0.074780289	NA
Co9	Coomera	2015	NA	0.368505312	0.094978545	-0.220583593	0.093952759	NA
Cu1	Currumbin	2015	NA	0.371885979	0.089673949	-0.226496459	0.086681297	NA
Cu10	Currumbin	2015	0	0.377202495	0.087848827	-0.235055929	0.073149461	NA
Cu11	Currumbin	2015	0	0.376187142	0.088312228	-0.235163931	0.072444403	NA
Cu12	Currumbin	2015	NA	0.376212427	0.089706005	-0.234991741	0.072188418	NA
Cu2	Currumbin	2015	NA	0.371949405	0.089191863	-0.227133138	0.084818259	NA
Cu3	Currumbin	2015	NA	0.372619104	0.088493185	-0.227308556	0.083203819	NA
Cu4	Currumbin	2015	NA	0.37239178	0.088358851	-0.227049232	0.082582925	NA
Cu5	Currumbin	2015	1	0.372277683	0.088411522	-0.227011094	0.082826696	NA
Cu6	Currumbin	2015	NA	0.372319267	0.08866694	-0.227224675	0.08280181	NA
Cu7	Currumbin	2015	0	0.37552736	0.086516984	-0.231524124	0.076256845	NA
Cu8	Currumbin	2015	0	0.377203386	0.086176292	-0.23399012	0.075256465	NA
Cu9	Currumbin	2015	NA	0.377118867	0.087001367	-0.234279167	0.074870606	NA
M1	Mudgeeraba	2015	NA	NA	NA	NA	NA	NA
M10	Mudgeeraba	2015	NA	0.388264692	0.08785571	-0.248377466	0.08982096	NA
M11	Mudgeeraba	2015	NA	0.392552873	0.086447998	-0.252534695	0.087571238	NA
M12	Mudgeeraba	2015	NA	0.396089343	0.084493984	-0.260738768	0.081079116	NA
M13	Mudgeeraba	2015	NA	0.396644604	0.082797682	-0.261767487	0.074513187	NA
M2	Mudgeeraba	2015	1	0.370778496	0.090549397	-0.230774383	0.096349256	NA
M3	Mudgeeraba	2015	NA	0.371333029	0.08992397	-0.23141027	0.095530064	NA
M4	Mudgeeraba	2015	0	0.373577796	0.089639053	-0.234374434	0.094513974	NA
M5	Mudgeeraba	2015	NA	0.375845891	0.087976275	-0.237136545	0.091926201	NA
M6	Mudgeeraba	2015	NA	0.376585423	0.087618127	-0.237866224	0.091931614	NA
M7	Mudgeeraba	2015	1	0.37969582	0.086401174	-0.241375855	0.089015581	NA
M8	Mudgeeraba	2015	NA	0.381356194	0.087097381	-0.242690324	0.090109743	NA
M9	Mudgeeraba	2015	1	0.383269908	0.086788551	-0.244625813	0.089162619	NA
N1	Nerang	2015	NA	0.37677587	0.101910869	-0.234503338	0.094888513	NA
N10	Nerang	2015	NA	0.377086772	0.108412979	-0.235981845	0.08873908	NA
N11	Nerang	2015	NA	0.37455548	0.110622789	-0.235116653	0.089035601	NA
N12	Nerang	2015	NA	0.393148326	0.100537266	-0.246289216	0.08117525	NA
N2	Nerang	2015	NA	0.377033905	0.101638302	-0.234622102	0.094280504	NA
N3	Nerang	2015	NA	0.377235443	0.101088863	-0.234587264	0.093391568	NA
N4	Nerang	2015	NA	0.377896493	0.101038667	-0.234777439	0.092613637	NA
N5	Nerang	2015	NA	0.377890931	0.100787552	-0.234795982	0.092368848	NA
N6	Nerang	2015	NA	0.378324432	0.101901986	-0.235951816	0.092295408	NA
N7	Nerang	2015	NA	0.378597954	0.102671846	-0.237213541	0.091985565	NA
N8	Nerang	2015	NA	0.373759966	0.10594491	-0.234131813	0.0909372	NA
N9	Nerang	2015	NA	0.373830677	0.108266774	-0.234311888	0.09028083	NA
A1	Albert	2016	NA	0.313069579	0.067891905	-0.140120437	0.088566792	NA
A10	Albert	2016	NA	0.325326914	0.072364257	-0.159442991	0.078680198	NA
A11	Albert	2016	NA	0.314193326	0.065538485	-0.144446671	0.085353521	NA
A2	Albert	2016	NA	0.313033232	0.067797289	-0.140079684	0.088415364	NA
A3	Albert	2016	NA	0.312984537	0.067744162	-0.140148282	0.088404172	NA
A4	Albert	2016	NA	0.313003432	0.067675688	-0.140218902	0.088289172	NA
A5	Albert	2016	NA	0.312994975	0.067618539	-0.140212226	0.088160521	NA
A6	Albert	2016	NA	0.312805974	0.06730689	-0.140142443	0.088191124	NA
A7	Albert	2016	NA	0.31290052	0.067207266	-0.140350584	0.088092613	NA
A8	Albert	2016	NA	0.312889392	0.067172744	-0.140327145	0.088018501	NA
A9	Albert	2016	NA	0.323752769	0.077668231	-0.157223138	0.082836042	NA
B1	Mudgeeraba	2016	0	0.340681495	0.072017668	-0.191556859	0.077947661	NA
B2	Mudgeeraba	2016	0	0.340450791	0.068155654	-0.191657392	0.072365617	NA
B3	Mudgeeraba	2016	NA	0.347681784	0.07371432	-0.199462942	0.07705778	NA
Co1	Coomera	2016	NA	0.347744635	0.093530289	-0.180093554	0.103017403	NA
Co10	Coomera	2016	1	0.353280404	0.088869844	-0.18727203	0.095227272	NA
Co11	Coomera	2016	1	0.356614529	0.088990916	-0.192051458	0.094485287	NA
Co12	Coomera	2016	1	0.356730691	0.088822986	-0.192193837	0.094149847	NA
Co13	Coomera	2016	NA	0.356879367	0.088606474	-0.192333061	0.093924688	NA
Co14	Coomera	2016	1	0.357037464	0.088335376	-0.19252361	0.093387516	NA
Co15	Coomera	2016	1	0.358029685	0.088785922	-0.193650221	0.093609261	NA
Co16	Coomera	2016	0	0.358268722	0.088647905	-0.193979249	0.09328075	NA
Co2	Coomera	2016	0	0.347499259	0.091524855	-0.179664117	0.100390576	NA
Co3	Coomera	2016	1	0.348311189	0.088139274	-0.180383732	0.095949386	NA
Co4	Coomera	2016	0	0.348509132	0.086918727	-0.180704512	0.094170856	NA
Co5	Coomera	2016	NA	0.348308866	0.086399611	-0.180531332	0.093428346	NA
Co6	Coomera	2016	NA	0.352375213	0.087739883	-0.185281319	0.09456982	NA
Co7	Coomera	2016	0	0.353305192	0.089566593	-0.186940646	0.096558173	NA
Co8	Coomera	2016	NA	0.34645153	0.071006661	-0.175635135	0.075084161	NA
Co9	Coomera	2016	NA	0.35609386	0.088669177	-0.190963999	0.094590278	NA
Cu1	Currumbin	2016	NA	0.391915459	0.073403476	-0.235044326	0.079782023	NA
Cu10	Currumbin	2016	1	0.397271447	0.067306939	-0.242328473	0.064903591	NA
Cu11	Currumbin	2016	1	0.396271384	0.066722519	-0.242144806	0.063924915	NA
Cu12	Currumbin	2016	NA	0.396836565	0.067613863	-0.242273324	0.063391121	NA
Cu2	Currumbin	2016	NA	0.392529898	0.072126812	-0.235940404	0.077450574	NA
Cu3	Currumbin	2016	NA	0.393030739	0.071300358	-0.236000146	0.075656438	NA
Cu4	Currumbin	2016	NA	0.392777595	0.070941138	-0.235715585	0.074911762	NA
Cu5	Currumbin	2016	0	0.392691959	0.070931458	-0.235686045	0.075110357	NA
Cu6	Currumbin	2016	NA	0.393154742	0.070737761	-0.236065912	0.074915288	NA
Cu7	Currumbin	2016	0	0.396245964	0.067438867	-0.239812697	0.067993732	NA
Cu8	Currumbin	2016	0	0.396969326	0.066980131	-0.241352975	0.067469081	NA
Cu9	Currumbin	2016	NA	0.397072061	0.067003043	-0.241835752	0.06664173	NA
M1	Mudgeeraba	2016	NA	NA	NA	NA	NA	NA
M10	Mudgeeraba	2016	0	0.376643137	0.08108738	-0.227191479	0.091177642	NA
M11	Mudgeeraba	2016	NA	0.380915856	0.078815969	-0.232134578	0.088220596	NA
M12	Mudgeeraba	2016	NA	0.384071933	0.075140722	-0.240380707	0.082148979	NA
M13	Mudgeeraba	2016	NA	0.386376933	0.071273189	-0.244288798	0.071801315	NA
M2	Mudgeeraba	2016	0	0.35878526	0.08603106	-0.204131715	0.099029025	NA
M3	Mudgeeraba	2016	NA	0.359233551	0.085371616	-0.204713844	0.09824235	NA
M4	Mudgeeraba	2016	0	0.360949924	0.085110267	-0.208077165	0.097148837	NA
M5	Mudgeeraba	2016	NA	0.363749999	0.082469484	-0.211996143	0.09420982	NA
M6	Mudgeeraba	2016	0	0.364171816	0.082249413	-0.212769809	0.094178311	NA
M7	Mudgeeraba	2016	NA	0.3682848	0.080192175	-0.218637346	0.090302881	NA
M8	Mudgeeraba	2016	1	0.370621369	0.080515441	-0.221034029	0.091252334	NA
M9	Mudgeeraba	2016	0	0.371775468	0.080321467	-0.222797563	0.090367817	NA
N1	Nerang	2016	0	0.381271532	0.089404091	-0.227787334	0.090257136	NA
N10	Nerang	2016	1	0.394900641	0.0888833	-0.243013487	0.080301008	NA
N11	Nerang	2016	NA	0.394227122	0.090059023	-0.243515033	0.080334247	NA
N12	Nerang	2016	NA	0.411218259	0.077580344	-0.254216813	0.071068781	NA
N2	Nerang	2016	0	0.382065035	0.088629907	-0.228536976	0.089147533	NA
N3	Nerang	2016	1	0.382495212	0.087818105	-0.228805909	0.08800351	NA
N4	Nerang	2016	NA	0.383709906	0.087161708	-0.229678614	0.086725541	NA
N5	Nerang	2016	1	0.383775343	0.086811299	-0.229777374	0.086404411	NA
N6	Nerang	2016	1	0.385186893	0.086955346	-0.232106768	0.085623698	NA
N7	Nerang	2016	NA	0.385842653	0.087296743	-0.233783962	0.08511568	NA
N8	Nerang	2016	1	0.387609227	0.088924714	-0.237156438	0.08375269	NA
N9	Nerang	2016	NA	0.390770638	0.0902211	-0.240595431	0.082510046	NA
A1	Albert	2017	NA	0.278587138	0.074098139	-0.090617917	0.120523346	NA
A10	Albert	2017	NA	0.305501914	0.07047827	-0.114701313	0.096697133	NA
A11	Albert	2017	NA	0.28014448	0.072708186	-0.101906571	0.121104435	NA
A2	Albert	2017	NA	0.278620826	0.07401667	-0.090786099	0.120399328	NA
A3	Albert	2017	NA	0.278763091	0.07398885	-0.091471283	0.120450003	NA
A4	Albert	2017	NA	0.278819773	0.073919696	-0.091671125	0.120357822	NA
A5	Albert	2017	NA	0.278817838	0.073867793	-0.091695292	0.120274584	NA
A6	Albert	2017	NA	0.279080851	0.073852673	-0.09373897	0.120771662	NA
A7	Albert	2017	NA	0.279200507	0.073792591	-0.094190199	0.120774438	NA
A8	Albert	2017	NA	0.27919344	0.073758849	-0.09418242	0.120716843	NA
A9	Albert	2017	NA	0.301855563	0.076638499	-0.109652594	0.101321015	NA
B1	Mudgeeraba	2017	NA	0.317706091	0.07193493	-0.1417595	0.091970754	NA
B2	Mudgeeraba	2017	0	0.318488123	0.067384926	-0.142902247	0.086475937	NA
B3	Mudgeeraba	2017	NA	0.331212403	0.072839216	-0.159609197	0.090818142	NA
Co1	Coomera	2017	NA	0.335955476	0.091456295	-0.14772026	0.118857952	NA
Co10	Coomera	2017	0	0.344861521	0.084066982	-0.159643225	0.110013471	NA
Co11	Coomera	2017	1	0.349751191	0.083117183	-0.166590564	0.108616543	NA
Co12	Coomera	2017	0	0.349988008	0.082840421	-0.166896893	0.108246187	NA
Co13	Coomera	2017	NA	0.35016323	0.082573156	-0.167099999	0.108020694	NA
Co14	Coomera	2017	1	0.350470365	0.082165842	-0.167482058	0.107502684	NA
Co15	Coomera	2017	NA	0.352645302	0.081672755	-0.169139239	0.107892461	NA
Co16	Coomera	2017	NA	0.353129642	0.081318645	-0.169659823	0.107595769	NA
Co2	Coomera	2017	NA	0.335736878	0.089302199	-0.14727893	0.116442004	NA
Co3	Coomera	2017	1	0.336930057	0.085432345	-0.148384075	0.112339991	NA
Co4	Coomera	2017	1	0.337454256	0.083919919	-0.149065418	0.11047901	NA
Co5	Coomera	2017	NA	0.337390518	0.083396412	-0.149033333	0.109773272	NA
Co6	Coomera	2017	NA	0.343387041	0.083756414	-0.156694566	0.110117602	NA
Co7	Coomera	2017	0	0.344507084	0.085061065	-0.158865325	0.11155441	NA
Co8	Coomera	2017	NA	0.33832028	0.070471237	-0.146006806	0.094772178	NA
Co9	Coomera	2017	NA	0.348669032	0.083175688	-0.164823606	0.108939841	NA
Cu1	Currumbin	2017	NA	0.381602401	0.071460911	-0.205068838	0.099194502	NA
Cu10	Currumbin	2017	1	0.397412538	0.057135778	-0.227414331	0.07694415	NA
Cu11	Currumbin	2017	1	0.398041659	0.055457389	-0.229201973	0.075194181	NA
Cu12	Currumbin	2017	NA	0.399216347	0.055318441	-0.22987279	0.074704407	NA
Cu2	Currumbin	2017	NA	0.383438732	0.069538637	-0.207547607	0.096664567	NA
Cu3	Currumbin	2017	NA	0.384201268	0.06838915	-0.208309476	0.0948877	NA
Cu4	Currumbin	2017	0	0.384134961	0.067903613	-0.208246476	0.094222167	NA
Cu5	Currumbin	2017	0	0.383979116	0.0678765	-0.208119568	0.094601114	NA
Cu6	Currumbin	2017	0	0.38497804	0.067329847	-0.209103778	0.094377583	NA
Cu7	Currumbin	2017	0	0.390963397	0.061804575	-0.217428343	0.085450859	NA
Cu8	Currumbin	2017	0	0.393932044	0.059182777	-0.222304986	0.081394278	NA
Cu9	Currumbin	2017	NA	0.395600128	0.05831661	-0.224658355	0.080082654	NA
M1	Mudgeeraba	2017	NA	NA	NA	NA	NA	NA
M10	Mudgeeraba	2017	0	0.370795338	0.078851321	-0.206665231	0.099569898	NA
M11	Mudgeeraba	2017	NA	0.376813566	0.074414829	-0.215165804	0.093544294	NA
M12	Mudgeeraba	2017	NA	0.384227362	0.068635009	-0.230867662	0.08158157	NA
M13	Mudgeeraba	2017	0	0.387286308	0.064053427	-0.236001796	0.071551864	NA
M2	Mudgeeraba	2017	1	0.339981921	0.089593721	-0.164059698	0.116529728	NA
M3	Mudgeeraba	2017	1	0.340564198	0.088880612	-0.164738088	0.115856654	NA
M4	Mudgeeraba	2017	0	0.344475622	0.08781726	-0.17072752	0.113788382	NA
M5	Mudgeeraba	2017	NA	0.350925605	0.083412534	-0.179578466	0.108552978	NA
M6	Mudgeeraba	2017	NA	0.351716888	0.083065393	-0.181051241	0.108154926	NA
M7	Mudgeeraba	2017	0	0.359403895	0.079025696	-0.192275036	0.101215915	NA
M8	Mudgeeraba	2017	0	0.362987302	0.078925537	-0.196608673	0.101165488	NA
M9	Mudgeeraba	2017	0	0.364715205	0.078594624	-0.199468058	0.099972263	NA
N1	Nerang	2017	1	0.385379162	0.080589309	-0.216913553	0.099940082	NA
N10	Nerang	2017	0	0.401505022	0.075707013	-0.238441457	0.087723755	NA
N11	Nerang	2017	NA	0.402675955	0.076588283	-0.241364896	0.087504942	NA
N12	Nerang	2017	NA	0.410552147	0.072937423	-0.244927768	0.084751789	NA
N2	Nerang	2017	0	0.386171849	0.079591381	-0.217706929	0.098921402	NA
N3	Nerang	2017	1	0.386597052	0.078642304	-0.218088723	0.097822799	NA
N4	Nerang	2017	NA	0.388232007	0.077273236	-0.219965556	0.095977251	NA
N5	Nerang	2017	1	0.388301179	0.076863294	-0.220108564	0.095657907	NA
N6	Nerang	2017	1	0.390365756	0.076629902	-0.223532979	0.094994626	NA
N7	Nerang	2017	NA	0.391244834	0.076670082	-0.225781353	0.094437238	NA
N8	Nerang	2017	1	0.394282316	0.076781858	-0.229628368	0.092937002	NA
N9	Nerang	2017	NA	0.399233056	0.07632319	-0.236643303	0.089372637	NA
A1	Albert	2018	NA	0.298351554	0.078236501	-0.123351535	0.093873218	NA
A10	Albert	2018	NA	0.349957936	0.078943371	-0.204771482	0.076638838	NA
A11	Albert	2018	NA	0.293237387	0.076227318	-0.115370798	0.09134319	NA
A2	Albert	2018	0	0.298287294	0.078162604	-0.123272605	0.093780649	NA
A3	Albert	2018	0	0.298049136	0.078102635	-0.122968964	0.09374296	NA
A4	Albert	2018	NA	0.298039102	0.078049145	-0.12294605	0.093694778	NA
A5	Albert	2018	NA	0.298013169	0.078002329	-0.122911711	0.093636603	NA
A6	Albert	2018	0	0.296992898	0.077563876	-0.121400441	0.093359596	NA
A7	Albert	2018	0	0.296949311	0.077518415	-0.121260618	0.093325021	NA
A8	Albert	2018	0	0.296937028	0.077486747	-0.121245832	0.093287501	NA
A9	Albert	2018	NA	0.34704674	0.083868869	-0.20168714	0.083365216	NA
B1	Mudgeeraba	2018	0	0.35266356	0.08307199	-0.215369951	0.084500693	NA
B2	Mudgeeraba	2018	0	0.353087125	0.080225233	-0.216280612	0.07981871	NA
B3	Mudgeeraba	2018	NA	0.358776039	0.086154809	-0.222183524	0.088478637	NA
Co1	Coomera	2018	NA	0.351886579	0.100343885	-0.200574965	0.10726092	NA
Co10	Coomera	2018	1	0.352420184	0.096337289	-0.20082213	0.101908226	NA
Co11	Coomera	2018	1	0.352624462	0.097562856	-0.201481112	0.102984733	NA
Co12	Coomera	2018	1	0.352608185	0.097447822	-0.201459258	0.102760451	NA
Co13	Coomera	2018	NA	0.352693926	0.097314407	-0.201514004	0.102583443	NA
Co14	Coomera	2018	1	0.352564311	0.097102867	-0.201354218	0.102262813	NA
Co15	Coomera	2018	0	0.351641063	0.097753494	-0.200185138	0.102741791	NA
Co16	Coomera	2018	NA	0.351363401	0.097704572	-0.19994512	0.102561368	NA
Co2	Coomera	2018	0	0.351581787	0.098543529	-0.20008036	0.104892354	NA
Co3	Coomera	2018	1	0.352141749	0.095476369	-0.20048592	0.100777896	NA
Co4	Coomera	2018	1	0.352176662	0.094457598	-0.2006934	0.099213018	NA
Co5	Coomera	2018	NA	0.352020055	0.094005461	-0.200608995	0.098553866	NA
Co6	Coomera	2018	NA	0.353654643	0.095222341	-0.20185681	0.100521634	NA
Co7	Coomera	2018	0	0.352599566	0.096907184	-0.200709435	0.102918403	NA
Co8	Coomera	2018	NA	0.362237919	0.0807931	-0.212789429	0.077778058	NA
Co9	Coomera	2018	NA	0.353331125	0.097213266	-0.201814054	0.102728118	NA
Cu1	Currumbin	2018	1	0.374967042	0.091891931	-0.230736152	0.085650884	NA
Cu10	Currumbin	2018	0	0.380019495	0.091489195	-0.240297477	0.073024325	NA
Cu11	Currumbin	2018	1	0.378951619	0.091971585	-0.240417675	0.071782706	NA
Cu12	Currumbin	2018	NA	0.379223916	0.093299134	-0.240679065	0.072470493	NA
Cu2	Currumbin	2018	0	0.375072726	0.091560784	-0.231482298	0.084000724	NA
Cu3	Currumbin	2018	0	0.375880098	0.090824844	-0.231854664	0.082989739	NA
Cu4	Currumbin	2018	0	0.37563927	0.090765058	-0.231677952	0.082509831	NA
Cu5	Currumbin	2018	0	0.375581903	0.090820363	-0.231579559	0.082468216	NA
Cu6	Currumbin	2018	1	0.375569204	0.091216296	-0.231565745	0.082139002	NA
Cu7	Currumbin	2018	0	0.377901593	0.090016048	-0.23577448	0.076969285	NA
Cu8	Currumbin	2018	0	0.3798368	0.089556016	-0.238594743	0.074481633	NA
Cu9	Currumbin	2018	0	0.379926192	0.090477061	-0.239325422	0.073836155	NA
M1	Mudgeeraba	2018	0	NA	NA	NA	NA	NA
M10	Mudgeeraba	2018	1	0.3868837	0.089307704	-0.250007775	0.093615427	NA
M11	Mudgeeraba	2018	NA	0.391351115	0.087863501	-0.25517503	0.090232636	NA
M12	Mudgeeraba	2018	NA	0.394993167	0.085710213	-0.26556619	0.080867127	NA
M13	Mudgeeraba	2018	0	0.395865331	0.084227909	-0.268228961	0.075166889	NA
M2	Mudgeeraba	2018	1	0.367202545	0.092028251	-0.226478757	0.099858694	NA
M3	Mudgeeraba	2018	0	0.367711395	0.091417652	-0.227091252	0.099019491	NA
M4	Mudgeeraba	2018	0	0.370123977	0.091157861	-0.230693392	0.097929733	NA
M5	Mudgeeraba	2018	0	0.372108977	0.089682887	-0.23359572	0.094954397	NA
M6	Mudgeeraba	2018	0	0.373059545	0.089321425	-0.234612226	0.094619548	NA
M7	Mudgeeraba	2018	0	0.376673643	0.088063131	-0.239342564	0.092245048	NA
M8	Mudgeeraba	2018	1	0.379148636	0.088727319	-0.241738882	0.093218286	NA
M9	Mudgeeraba	2018	0	0.381339536	0.088389574	-0.244578116	0.092227257	NA
N1	Nerang	2018	0	0.371752063	0.105822541	-0.230450174	0.101226411	NA
N10	Nerang	2018	1	0.378096782	0.1144903	-0.241391958	0.096743006	NA
N11	Nerang	2018	NA	0.374981999	0.116852326	-0.239762215	0.097597355	NA
N12	Nerang	2018	0	0.394001345	0.107666681	-0.250886692	0.09073601	NA
N2	Nerang	2018	1	0.372086104	0.10559368	-0.230610794	0.1006452	NA
N3	Nerang	2018	1	0.372352046	0.10506597	-0.230598397	0.099867319	NA
N4	Nerang	2018	0	0.373113066	0.105097518	-0.2309099	0.099458319	NA
N5	Nerang	2018	1	0.373145141	0.104851364	-0.230915741	0.099022673	NA
N6	Nerang	2018	1	0.374375109	0.105917155	-0.233491941	0.09841654	NA
N7	Nerang	2018	NA	0.375144555	0.106676572	-0.235858857	0.09751142	NA
N8	Nerang	2018	1	0.371531597	0.111481806	-0.23481868	0.098235238	NA
N9	Nerang	2018	NA	0.374029961	0.11420166	-0.238718428	0.0977656	NA
A1	Albert	2019	1	0.246440721	0.08330153	-0.039754624	0.127359041	11.88679002
A10	Albert	2019	0	0.319890794	0.068960592	-0.153895354	0.08149947	39.99013563
A11	Albert	2019	0	0.240201011	0.081620697	-0.029925444	0.127001911	9.394377049
A2	Albert	2019	1	0.246365456	0.083228333	-0.039662006	0.12730731	11.90476925
A3	Albert	2019	1	0.246053122	0.083171618	-0.039277162	0.127358136	11.96421912
A4	Albert	2019	NA	0.246029121	0.083127906	-0.03923604	0.127346284	11.60461331
A5	Albert	2019	NA	0.245986414	0.083073054	-0.039184111	0.127301437	11.61138257
A6	Albert	2019	0	0.244536	0.082832771	-0.037128904	0.12747972	11.68236412
A7	Albert	2019	0	0.244421035	0.082811548	-0.036898048	0.127520091	11.72121596
A8	Albert	2019	0	0.244402439	0.082777329	-0.036872686	0.127488028	11.72368858
A9	Albert	2019	0	0.316323806	0.075327783	-0.149648145	0.08907984	59.81873115
B1	Mudgeeraba	2019	0	0.334715179	0.072103609	-0.182201243	0.082223116	67.1257521
B2	Mudgeeraba	2019	0	0.335285145	0.067982066	-0.183311746	0.076523401	41.3408961
B3	Mudgeeraba	2019	1	0.344034901	0.073788626	-0.193766579	0.083920017	43.9723802
Co1	Coomera	2019	NA	0.327760115	0.092688361	-0.150480253	0.117815503	23.92591748
Co10	Coomera	2019	0	0.326950686	0.088264195	-0.148462336	0.115701837	9.629125104
Co11	Coomera	2019	0	0.328267967	0.08901874	-0.150691123	0.117196367	9.666075907
Co12	Coomera	2019	1	0.328291011	0.088852877	-0.15071789	0.117052001	9.312430838
Co13	Coomera	2019	NA	0.328359993	0.088665898	-0.150764878	0.116892384	9.06509146
Co14	Coomera	2019	1	0.328317642	0.088408054	-0.150711937	0.116696057	8.400571622
Co15	Coomera	2019	0	0.327389475	0.088886197	-0.149403796	0.117983753	6.601044102
Co16	Coomera	2019	0	0.327365792	0.088794581	-0.14939161	0.117980327	6.115967678
Co2	Coomera	2019	0	0.327467204	0.090590322	-0.149966759	0.115421542	22.41480149
Co3	Coomera	2019	1	0.328150306	0.087105408	-0.150444639	0.111811021	21.47779185
Co4	Coomera	2019	1	0.328284712	0.085872918	-0.15069662	0.110355034	20.97742496
Co5	Coomera	2019	NA	0.328174049	0.08535427	-0.150622138	0.109711582	20.95014068
Co6	Coomera	2019	NA	0.329620399	0.087252063	-0.151342216	0.11342216	16.69463716
Co7	Coomera	2019	1	0.327115593	0.089009472	-0.148322146	0.116639022	12.90887391
Co8	Coomera	2019	NA	0.349598583	0.068736806	-0.176857549	0.079869208	40.65139819
Co9	Coomera	2019	NA	0.328655154	0.088660084	-0.150744241	0.116655364	13.04732668
Cu1	Currumbin	2019	0	0.384862759	0.070856692	-0.222971669	0.079136585	33.70706492
Cu10	Currumbin	2019	1	0.39281815	0.063234319	-0.234588336	0.062996294	19.56566862
Cu11	Currumbin	2019	1	0.392703096	0.062562871	-0.235456486	0.060773006	17.87825587
Cu12	Currumbin	2019	0	0.393391339	0.063166359	-0.235765602	0.061068232	16.17797289
Cu2	Currumbin	2019	1	0.38579111	0.069439327	-0.224375798	0.076641353	33.34153624
Cu3	Currumbin	2019	1	0.386432338	0.068468553	-0.224828889	0.075394063	32.42723125
Cu4	Currumbin	2019	0	0.386306244	0.068088171	-0.224730163	0.074753326	31.4263809
Cu5	Currumbin	2019	1	0.38629194	0.068054083	-0.224710261	0.074655445	30.38235192
Cu6	Currumbin	2019	1	0.386948762	0.067692302	-0.225115845	0.073887286	29.88362303
Cu7	Currumbin	2019	0	0.390430015	0.064238594	-0.229994394	0.068192185	27.9873507
Cu8	Currumbin	2019	0	0.391923422	0.063286716	-0.232623405	0.065369971	25.91560505
Cu9	Currumbin	2019	0	0.392294142	0.063190413	-0.233391805	0.064388096	22.74225402
M1	Mudgeeraba	2019	NA	NA	NA	NA	NA	47.84970733
M10	Mudgeeraba	2019	0	0.375926841	0.079850258	-0.226495351	0.092266027	12.88740336
M11	Mudgeeraba	2019	NA	0.381182015	0.076567251	-0.232846701	0.087329489	5.768989733
M12	Mudgeeraba	2019	NA	0.385394758	0.072390468	-0.243383366	0.077839737	3.106530638
M13	Mudgeeraba	2019	0	0.387422459	0.06917051	-0.247146059	0.070819055	3.428004799
M2	Mudgeeraba	2019	0	0.354414862	0.085892375	-0.196644316	0.102928084	40.19837487
M3	Mudgeeraba	2019	0	0.354914809	0.085190569	-0.197229728	0.102135975	40.2986875
M4	Mudgeeraba	2019	0	0.357242894	0.084724316	-0.201369753	0.100766533	39.08198302
M5	Mudgeeraba	2019	1	0.361129882	0.081571351	-0.207286136	0.095795238	33.43456105
M6	Mudgeeraba	2019	0	0.361788124	0.081322624	-0.208390164	0.095204188	32.07648128
M7	Mudgeeraba	2019	1	0.366533434	0.078872829	-0.21574144	0.090765053	22.20326574
M8	Mudgeeraba	2019	0	0.369095855	0.079382977	-0.218593954	0.091575385	19.22565965
M9	Mudgeeraba	2019	1	0.370482208	0.079256471	-0.220783259	0.090919368	16.79093701
N1	Nerang	2019	1	0.372425094	0.087107433	-0.214098919	0.099615133	3.666627183
N10	Nerang	2019	1	0.388979409	0.084274719	-0.234285092	0.086956049	5.164419495
N11	Nerang	2019	1	0.389493837	0.085339427	-0.236575591	0.086180146	5.296888079
N12	Nerang	2019	1	0.404723843	0.074946777	-0.244547619	0.080045578	4.317946838
N2	Nerang	2019	1	0.373054161	0.086396312	-0.214593855	0.09875313	3.717551548
N3	Nerang	2019	1	0.373380579	0.085617576	-0.21472041	0.097839332	3.751587274
N4	Nerang	2019	1	0.374573119	0.084902078	-0.215689315	0.096949392	3.803966735
N5	Nerang	2019	1	0.374651166	0.084527147	-0.215742485	0.09644473	3.775277491
N6	Nerang	2019	1	0.376999558	0.08435732	-0.219325531	0.095158427	3.867004248
N7	Nerang	2019	NA	0.378739776	0.084225704	-0.222516896	0.093132637	4.050628673
N8	Nerang	2019	1	0.381686069	0.084673232	-0.226963122	0.09078448	4.833252553
N9	Nerang	2019	1	0.385454684	0.085141319	-0.231775547	0.088703738	5.530382665
A1	Albert	2020	0	0.264141653	0.084765567	-0.089674758	0.101293952	NA
A10	Albert	2020	0	0.324305379	0.086434977	-0.169623878	0.090385497	NA
A11	Albert	2020	0	0.258859199	0.082412226	-0.083097918	0.097994051	NA
A2	Albert	2020	0	0.264076532	0.084694197	-0.089602978	0.101193475	NA
A3	Albert	2020	1	0.263804741	0.084621108	-0.089303564	0.101116919	NA
A4	Albert	2020	0	0.263822461	0.084565322	-0.089317649	0.101050915	NA
A5	Albert	2020	0	0.263796685	0.084517916	-0.089286329	0.100990151	NA
A6	Albert	2020	1	0.262843541	0.084061831	-0.088125846	0.100462215	NA
A7	Albert	2020	0	0.262793859	0.084030077	-0.088012975	0.100416176	NA
A8	Albert	2020	0	0.262785672	0.083999865	-0.088004016	0.100376314	NA
A9	Albert	2020	0	0.320502986	0.090988575	-0.165706469	0.096641031	NA
B1	Mudgeeraba	2020	0	0.346025733	0.091926177	-0.200027823	0.094548661	NA
B2	Mudgeeraba	2020	1	0.347062354	0.089239014	-0.201334813	0.090136254	NA
B3	Mudgeeraba	2020	1	0.354896976	0.096054269	-0.210084941	0.097682277	NA
Co1	Coomera	2020	NA	0.31896268	0.107994349	-0.160239347	0.122610852	NA
Co10	Coomera	2020	0	0.316416566	0.104601044	-0.157767643	0.118945603	NA
Co11	Coomera	2020	1	0.316404061	0.106208031	-0.159106989	0.119951317	NA
Co12	Coomera	2020	1	0.316374293	0.106130699	-0.15913817	0.11978131	NA
Co13	Coomera	2020	0	0.316430636	0.106020308	-0.159191797	0.11962427	NA
Co14	Coomera	2020	0	0.316209092	0.105849215	-0.159024669	0.11941852	NA
Co15	Coomera	2020	1	0.313463798	0.106018978	-0.156583788	0.119902719	NA
Co16	Coomera	2020	NA	0.312892242	0.105892112	-0.156173764	0.119787382	NA
Co2	Coomera	2020	0	0.31856707	0.106235117	-0.159639819	0.120389513	NA
Co3	Coomera	2020	1	0.318711536	0.103478228	-0.159538802	0.116948232	NA
Co4	Coomera	2020	1	0.318760238	0.102575997	-0.15975968	0.115562505	NA
Co5	Coomera	2020	1	0.318672337	0.102172643	-0.159742578	0.114944389	NA
Co6	Coomera	2020	1	0.318726909	0.103665321	-0.159742412	0.117548268	NA
Co7	Coomera	2020	0	0.3164857	0.105114229	-0.157408247	0.11993607	NA
Co8	Coomera	2020	0	0.336952578	0.090445089	-0.180794894	0.093880094	NA
Co9	Coomera	2020	1	0.316827352	0.105777249	-0.158819328	0.119743849	NA
Cu1	Currumbin	2020	0	0.355506051	0.101641642	-0.211484614	0.098681322	NA
Cu10	Currumbin	2020	0	0.362746155	0.101678353	-0.225088508	0.084369546	NA
Cu11	Currumbin	2020	1	0.362437287	0.102549889	-0.226002424	0.083392155	NA
Cu12	Currumbin	2020	1	0.362515213	0.103977336	-0.225995609	0.084356349	NA
Cu2	Currumbin	2020	1	0.355740949	0.101392276	-0.212868929	0.096578168	NA
Cu3	Currumbin	2020	1	0.356810477	0.100681784	-0.213695246	0.095478462	NA
Cu4	Currumbin	2020	0	0.356579273	0.100703899	-0.213573538	0.095019893	NA
Cu5	Currumbin	2020	0	0.356377574	0.100790798	-0.213304497	0.095102858	NA
Cu6	Currumbin	2020	0	0.35630898	0.101348621	-0.21352925	0.094732722	NA
Cu7	Currumbin	2020	0	0.359278952	0.100681191	-0.219395637	0.089222772	NA
Cu8	Currumbin	2020	0	0.361711775	0.100293147	-0.222650289	0.086777512	NA
Cu9	Currumbin	2020	1	0.362124305	0.101187983	-0.223553082	0.086167445	NA
M1	Mudgeeraba	2020	1	NA	NA	NA	NA	NA
M10	Mudgeeraba	2020	0	0.382981819	0.097457078	-0.23831327	0.103789879	NA
M11	Mudgeeraba	2020	0	0.387833487	0.096528826	-0.243933358	0.101186695	NA
M12	Mudgeeraba	2020	0	0.395456701	0.09368451	-0.259489886	0.085230847	NA
M13	Mudgeeraba	2020	0	0.397879982	0.091662982	-0.263858985	0.077709644	NA
M2	Mudgeeraba	2020	1	0.356073053	0.100614516	-0.20520217	0.113883709	NA
M3	Mudgeeraba	2020	1	0.356676079	0.100007785	-0.205895998	0.11310199	NA
M4	Mudgeeraba	2020	1	0.360767714	0.099119245	-0.211303207	0.110751006	NA
M5	Mudgeeraba	2020	1	0.364537272	0.097479039	-0.21668439	0.106732727	NA
M6	Mudgeeraba	2020	0	0.366093538	0.097006509	-0.218408214	0.105963839	NA
M7	Mudgeeraba	2020	1	0.371556353	0.095903769	-0.225823586	0.103064096	NA
M8	Mudgeeraba	2020	1	0.374356002	0.096658258	-0.228694577	0.103977595	NA
M9	Mudgeeraba	2020	1	0.3771632	0.096306439	-0.23215157	0.10284661	NA
N1	Nerang	2020	1	0.349618837	0.115668098	-0.203572121	0.116548983	NA
N10	Nerang	2020	1	0.358723974	0.124209163	-0.222092627	0.106575814	NA
N11	Nerang	2020	1	0.357139074	0.127057715	-0.223646225	0.106326703	NA
N12	Nerang	2020	1	0.378106273	0.119105259	-0.235924733	0.100281075	NA
N2	Nerang	2020	0	0.34978704	0.115555501	-0.203738849	0.116132671	NA
N3	Nerang	2020	1	0.349908581	0.115135965	-0.203652329	0.115521656	NA
N4	Nerang	2020	1	0.350440789	0.115315049	-0.203883981	0.115303584	NA
N5	Nerang	2020	1	0.350462698	0.115093783	-0.203899111	0.11488402	NA
N6	Nerang	2020	1	0.352121804	0.116275724	-0.20714472	0.113785892	NA
N7	Nerang	2020	1	0.353885729	0.116662824	-0.210868175	0.11121239	NA
N8	Nerang	2020	1	0.35433463	0.121644548	-0.216613833	0.109273364	NA
N9	Nerang	2020	1	0.355519754	0.124018223	-0.220213239	0.107529017	NA
A1	Albert	2021	0	0.342071044	0.078278013	-0.159339687	0.071550818	NA
A10	Albert	2021	0	0.35694254	0.077470265	-0.189494439	0.079725039	NA
A11	Albert	2021	0	0.341868906	0.077260006	-0.158395386	0.067754332	NA
A2	Albert	2021	0	0.34205599	0.078223804	-0.159326041	0.07141557	NA
A3	Albert	2021	0	0.341943984	0.078228983	-0.159239305	0.071293014	NA
A4	Albert	2021	0	0.34195453	0.0781665	-0.15924349	0.071195766	NA
A5	Albert	2021	0	0.3419343	0.078125268	-0.15922321	0.071112229	NA
A6	Albert	2021	1	0.341383053	0.07807382	-0.158655976	0.070511987	NA
A7	Albert	2021	0	0.341432778	0.078038742	-0.158694623	0.070377227	NA
A8	Albert	2021	0	0.341423411	0.078013698	-0.158684965	0.070326479	NA
A9	Albert	2021	0	0.355713897	0.082075275	-0.187745218	0.085850198	NA
B1	Mudgeeraba	2021	0	0.343549856	0.071307662	-0.185471924	0.0797186	NA
B2	Mudgeeraba	2021	0	0.343878874	0.067449204	-0.186239234	0.074292269	NA
B3	Mudgeeraba	2021	1	0.357740861	0.070775642	-0.200416744	0.081405298	NA
Co1	Coomera	2021	NA	0.369803393	0.094091254	-0.20034871	0.102704836	NA
Co10	Coomera	2021	1	0.3716649	0.091326894	-0.203976257	0.095459133	NA
Co11	Coomera	2021	0	0.374273958	0.091993691	-0.208014897	0.094867228	NA
Co12	Coomera	2021	1	0.374405397	0.091853141	-0.208206974	0.094561834	NA
Co13	Coomera	2021	1	0.37454709	0.091679438	-0.208360097	0.094284734	NA
Co14	Coomera	2021	0	0.374728263	0.091481393	-0.208623064	0.093835077	NA
Co15	Coomera	2021	0	0.375495664	0.092261196	-0.209855858	0.093796361	NA
Co16	Coomera	2021	0	0.375744577	0.092174124	-0.210204641	0.093437586	NA
Co2	Coomera	2021	1	0.369535932	0.09224083	-0.199876481	0.10019463	NA
Co3	Coomera	2021	1	0.370242681	0.089109249	-0.200490855	0.095843647	NA
Co4	Coomera	2021	1	0.370414211	0.087992994	-0.200768965	0.094137414	NA
Co5	Coomera	2021	1	0.370231864	0.087527023	-0.200597665	0.093460355	NA
Co6	Coomera	2021	0	0.372372847	0.08966124	-0.203606903	0.094610546	NA
Co7	Coomera	2021	0	0.371784683	0.091936769	-0.203818852	0.096631147	NA
Co8	Coomera	2021	0	0.377530307	0.069119023	-0.204273377	0.07544672	NA
Co9	Coomera	2021	NA	0.374037752	0.091583151	-0.207148106	0.09491263	NA
Cu1	Currumbin	2021	0	0.401883671	0.068370779	-0.237697816	0.077859697	NA
Cu10	Currumbin	2021	0	0.407646053	0.059332397	-0.247619358	0.061058234	NA
Cu11	Currumbin	2021	0	0.406969296	0.058392627	-0.247857236	0.059041342	NA
Cu12	Currumbin	2021	0	0.407597536	0.058865108	-0.248167101	0.059388675	NA
Cu2	Currumbin	2021	1	0.402700944	0.066865506	-0.238940418	0.075520104	NA
Cu3	Currumbin	2021	1	0.403063726	0.06592047	-0.239327061	0.074126464	NA
Cu4	Currumbin	2021	0	0.402795996	0.065454501	-0.239084787	0.073448132	NA
Cu5	Currumbin	2021	1	0.402613988	0.065417873	-0.23887511	0.07334666	NA
Cu6	Currumbin	2021	0	0.402850542	0.065160255	-0.238895731	0.072769824	NA
Cu7	Currumbin	2021	0	0.406232944	0.061001565	-0.244358267	0.064948634	NA
Cu8	Currumbin	2021	0	0.406758081	0.060152519	-0.245796173	0.063230753	NA
Cu9	Currumbin	2021	0	0.407121746	0.059780113	-0.246667748	0.062330906	NA
M1	Mudgeeraba	2021	1	NA	NA	NA	NA	NA
M10	Mudgeeraba	2021	0	0.391539553	0.078712473	-0.23586199	0.090105507	NA
M11	Mudgeeraba	2021	0	0.396924413	0.075502	-0.242015577	0.085375336	NA
M12	Mudgeeraba	2021	0	0.401763155	0.070031476	-0.250893831	0.077116539	NA
M13	Mudgeeraba	2021	0	0.401899348	0.066462904	-0.253841936	0.070079752	NA
M2	Mudgeeraba	2021	0	0.370049209	0.085742871	-0.207870507	0.099963664	NA
M3	Mudgeeraba	2021	1	0.370526159	0.085133664	-0.20844674	0.099195687	NA
M4	Mudgeeraba	2021	0	0.372086976	0.084912189	-0.211677511	0.098362995	NA
M5	Mudgeeraba	2021	1	0.375358721	0.082220972	-0.216694823	0.093989741	NA
M6	Mudgeeraba	2021	0	0.375529292	0.082112244	-0.21734245	0.093655763	NA
M7	Mudgeeraba	2021	1	0.379653674	0.080164797	-0.224544362	0.089525556	NA
M8	Mudgeeraba	2021	1	0.382891765	0.07939911	-0.227770241	0.089766135	NA
M9	Mudgeeraba	2021	1	0.384785981	0.0789017	-0.229836722	0.089050735	NA
N1	Nerang	2021	1	0.392368868	0.085493982	-0.234554853	0.091539685	NA
N10	Nerang	2021	1	0.408971723	0.080020784	-0.253622781	0.082397343	NA
N11	Nerang	2021	1	0.408981792	0.079863575	-0.255303514	0.081414013	NA
N12	Nerang	2021	1	0.422115314	0.067160438	-0.262553746	0.072812813	NA
N2	Nerang	2021	0	0.393211427	0.084518413	-0.235462559	0.090162424	NA
N3	Nerang	2021	1	0.393650947	0.083592462	-0.235741102	0.089038166	NA
N4	Nerang	2021	0	0.394769385	0.082819603	-0.236930951	0.087784348	NA
N5	Nerang	2021	1	0.39481051	0.082473361	-0.236961392	0.087271334	NA
N6	Nerang	2021	1	0.395683157	0.08227192	-0.239271949	0.086684511	NA
N7	Nerang	2021	0	0.396593574	0.082127759	-0.241060154	0.086069653	NA
N8	Nerang	2021	1	0.402903841	0.080506022	-0.247399291	0.085152492	NA
N9	Nerang	2021	1	0.405995673	0.080799598	-0.251459604	0.084030245	NA
A1	Albert	2022	0	0.335835201	0.06853885	-0.169842484	0.064498606	NA
A10	Albert	2022	0	0.362645069	0.068743857	-0.210119385	0.072125867	NA
A11	Albert	2022	NA	0.3345607	0.06698748	-0.167482311	0.060011967	NA
A2	Albert	2022	1	0.33581165	0.06845458	-0.169812632	0.064339518	NA
A3	Albert	2022	0	0.335712981	0.068408739	-0.169711097	0.064209391	NA
A4	Albert	2022	0	0.335751661	0.068318145	-0.169740396	0.064089844	NA
A5	Albert	2022	0	0.335747535	0.068263961	-0.169734012	0.063997671	NA
A6	Albert	2022	0	0.335413762	0.067954566	-0.169262242	0.063266671	NA
A7	Albert	2022	0	0.335470418	0.067872517	-0.169276524	0.063122475	NA
A8	Albert	2022	0	0.335468404	0.067840184	-0.169273208	0.063064938	NA
A9	Albert	2022	1	0.359590277	0.075307331	-0.206947217	0.079651699	NA
B1	Mudgeeraba	2022	0	0.355743933	0.074732796	-0.211716068	0.079240619	NA
B2	Mudgeeraba	2022	1	0.356317408	0.071139569	-0.212693701	0.07385584	NA
B3	Mudgeeraba	2022	1	0.363676095	0.075578885	-0.220579853	0.079395566	NA
Co1	Coomera	2022	1	0.368264692	0.09239752	-0.213690405	0.098707159	NA
Co10	Coomera	2022	1	0.369212417	0.088475542	-0.215107843	0.091419516	NA
Co11	Coomera	2022	1	0.370558518	0.089370836	-0.217201755	0.091651926	NA
Co12	Coomera	2022	1	0.370575548	0.089222434	-0.217212849	0.091397773	NA
Co13	Coomera	2022	1	0.370701399	0.089049469	-0.21730636	0.091155216	NA
Co14	Coomera	2022	0	0.370689852	0.088811742	-0.217291102	0.090759047	NA
Co15	Coomera	2022	0	0.370218761	0.089388021	-0.216708275	0.090914469	NA
Co16	Coomera	2022	0	0.370076172	0.089298977	-0.216568146	0.090654432	NA
Co2	Coomera	2022	0	0.367973053	0.090469195	-0.213190225	0.096192151	NA
Co3	Coomera	2022	1	0.368503601	0.087199837	-0.213576585	0.091718591	NA
Co4	Coomera	2022	1	0.368662109	0.086054132	-0.213847184	0.089974776	NA
Co5	Coomera	2022	1	0.368592072	0.085583661	-0.21381829	0.089259157	NA
Co6	Coomera	2022	1	0.370166629	0.087258562	-0.21547892	0.090651052	NA
Co7	Coomera	2022	0	0.369187495	0.08916283	-0.21484587	0.092677711	NA
Co8	Coomera	2022	0	0.378412049	0.069896715	-0.222331972	0.071065335	NA
Co9	Coomera	2022	NA	0.370789807	0.089018009	-0.216941206	0.091522864	NA
Cu1	Currumbin	2022	1	0.391047614	0.077649145	-0.238202791	0.078951182	NA
Cu10	Currumbin	2022	1	0.396451202	0.072193691	-0.245527037	0.062795943	NA
Cu11	Currumbin	2022	1	0.395657016	0.071860703	-0.245501727	0.061026347	NA
Cu12	Currumbin	2022	0	0.396006656	0.072811651	-0.245482622	0.061456204	NA
Cu2	Currumbin	2022	1	0.391793579	0.076613738	-0.239316821	0.076561216	NA
Cu3	Currumbin	2022	1	0.392289666	0.075884376	-0.239582498	0.075362247	NA
Cu4	Currumbin	2022	0	0.39213995	0.075572413	-0.2394392	0.074685467	NA
Cu5	Currumbin	2022	1	0.391943883	0.075592966	-0.239186247	0.074587709	NA
Cu6	Currumbin	2022	1	0.391899363	0.075563728	-0.238920773	0.073924619	NA
Cu7	Currumbin	2022	0	0.395002098	0.072080069	-0.243196441	0.066447763	NA
Cu8	Currumbin	2022	0	0.395797794	0.07160952	-0.244449186	0.064714411	NA
Cu9	Currumbin	2022	1	0.395910514	0.071932376	-0.244811132	0.063893851	NA
M1	Mudgeeraba	2022	1	NA	NA	NA	NA	NA
M10	Mudgeeraba	2022	0	0.39166652	0.080062424	-0.247369032	0.086413385	NA
M11	Mudgeeraba	2022	1	0.395828461	0.077965915	-0.251585103	0.083144172	NA
M12	Mudgeeraba	2022	0	0.397627964	0.074497132	-0.257547731	0.075808091	NA
M13	Mudgeeraba	2022	0	0.398037208	0.071867156	-0.259543547	0.069896984	NA
M2	Mudgeeraba	2022	1	0.374581878	0.084819447	-0.22823172	0.093383779	NA
M3	Mudgeeraba	2022	1	0.37510723	0.084124115	-0.228837146	0.092473618	NA
M4	Mudgeeraba	2022	1	0.376987156	0.083734807	-0.231728234	0.091442863	NA
M5	Mudgeeraba	2022	1	0.379638166	0.081277973	-0.234860813	0.087643089	NA
M6	Mudgeeraba	2022	0	0.380221195	0.081084107	-0.235570395	0.087334528	NA
M7	Mudgeeraba	2022	1	0.38359747	0.079301357	-0.239796648	0.084428755	NA
M8	Mudgeeraba	2022	1	0.385475145	0.079791962	-0.241451882	0.085457645	NA
M9	Mudgeeraba	2022	0	0.386857297	0.079345918	-0.243105906	0.084671969	NA
N1	Nerang	2022	1	0.376916299	0.099193736	-0.231341099	0.093271349	NA
N10	Nerang	2022	1	0.378705666	0.110294223	-0.236153438	0.091993534	NA
N11	Nerang	2022	1	0.375580871	0.114440376	-0.235116388	0.092896633	NA
N12	Nerang	2022	1	0.404869327	0.086240302	-0.251788676	0.078054726	NA
N2	Nerang	2022	1	0.377231613	0.09890572	-0.231510654	0.092533892	NA
N3	Nerang	2022	1	0.377421595	0.098355697	-0.231484838	0.09162189	NA
N4	Nerang	2022	1	0.37813736	0.098253504	-0.23184332	0.090992298	NA
N5	Nerang	2022	1	0.378138201	0.098002169	-0.231805553	0.0905401	NA
N6	Nerang	2022	1	0.378861908	0.099156335	-0.233312705	0.090646014	NA
N7	Nerang	2022	0	0.379215069	0.099840145	-0.234568219	0.090302007	NA
N8	Nerang	2022	1	0.376659453	0.105329284	-0.234705871	0.09157405	NA
N9	Nerang	2022	1	0.377185621	0.108594279	-0.235838383	0.092068938	NA
A1	Albert	2023	0	0.32448715	0.068083684	-0.128769464	0.091169715	11.88679002
A10	Albert	2023	0	0.361677103	0.068914278	-0.193068735	0.078808792	39.99013563
A11	Albert	2023	0	0.324864344	0.065753154	-0.127611731	0.088765589	9.394377049
A2	Albert	2023	0	0.324513915	0.067986639	-0.128789528	0.091056475	11.90476925
A3	Albert	2023	0	0.324565651	0.067935691	-0.128835077	0.091014477	11.96421912
A4	Albert	2023	0	0.324631438	0.067817327	-0.128893256	0.090927582	11.60461331
A5	Albert	2023	0	0.324626053	0.067763358	-0.128883832	0.090866103	11.61138257
A6	Albert	2023	0	0.324746038	0.067489404	-0.128847257	0.090666896	11.68236412
A7	Albert	2023	0	0.324889643	0.067374163	-0.128953142	0.0905895	11.72121596
A8	Albert	2023	0	0.324883185	0.06734005	-0.128943767	0.090548495	11.72368858
A9	Albert	2023	0	0.357626951	0.076379306	-0.18804394	0.087299027	59.81873115
B1	Mudgeeraba	2023	0	0.351099185	0.074275591	-0.194586473	0.086948851	67.1257521
B2	Mudgeeraba	2023	0	0.352130965	0.070016367	-0.196194331	0.081459458	41.3408961
B3	Mudgeeraba	2023	1	0.362200407	0.074184054	-0.208148913	0.088051982	43.9723802
Co1	Coomera	2023	NA	0.36729179	0.089870149	-0.19377994	0.10753543	23.92591748
Co10	Coomera	2023	0	0.369661626	0.084457928	-0.19627326	0.101181087	9.783340941
Co11	Coomera	2023	1	0.373216947	0.084103394	-0.200968982	0.100661978	9.720971268
Co12	Coomera	2023	0	0.37339885	0.083878291	-0.201201678	0.10035574	9.367610291
Co13	Coomera	2023	0	0.373571071	0.083629825	-0.201377519	0.100086104	9.120472123
Co14	Coomera	2023	1	0.373756988	0.08331974	-0.201595997	0.099715158	8.456463433
Co15	Coomera	2023	0	0.374140182	0.08332695	-0.201685693	0.099931423	6.661351419
Co16	Coomera	2023	0	0.374474533	0.083070517	-0.201977629	0.099662432	6.177014014
Co2	Coomera	2023	0	0.367053812	0.087864368	-0.193318972	0.105115854	25.68940263
Co3	Coomera	2023	0	0.367940579	0.084374159	-0.194011246	0.101017402	22.67919164
Co4	Coomera	2023	1	0.368244	0.083095361	-0.194432818	0.099346382	21.63742223
Co5	Coomera	2023	0	0.36812308	0.082604164	-0.194335305	0.098703835	21.53132753
Co6	Coomera	2023	1	0.370784316	0.083697375	-0.197049671	0.100104013	17.29013911
Co7	Coomera	2023	1	0.369643506	0.085257988	-0.195977268	0.102362035	13.06146565
Co8	Coomera	2023	1	0.381292216	0.068807579	-0.208647708	0.077844557	44.52906661
Co9	Coomera	2023	0	0.372777305	0.083905041	-0.200017454	0.100621624	13.21224574
Cu1	Currumbin	2023	0	0.409828161	0.069466411	-0.247123665	0.081176327	31.16875125
Cu10	Currumbin	2023	1	0.417857216	0.059778555	-0.258957933	0.064365534	19.62593913
Cu11	Currumbin	2023	1	0.417808836	0.058684291	-0.259701101	0.062378905	17.93989393
Cu12	Currumbin	2023	0	0.41874431	0.059005056	-0.260292521	0.062646639	16.27256522
Cu2	Currumbin	2023	1	0.411295008	0.067678902	-0.248977349	0.078488456	31.09258229
Cu3	Currumbin	2023	1	0.411916494	0.066510797	-0.249644828	0.076839041	30.14594328
Cu4	Currumbin	2023	NA	0.411734953	0.066080525	-0.249507604	0.07623032	30.10273573
Cu5	Currumbin	2023	1	0.411499838	0.066057475	-0.249232315	0.076145806	29.61030438
Cu6	Currumbin	2023	1	0.411857319	0.06573439	-0.249362041	0.075637125	29.07070553
Cu7	Currumbin	2023	0	0.41502967	0.062125054	-0.254072689	0.069754729	27.21667932
Cu8	Currumbin	2023	0	0.416285188	0.060789753	-0.25628802	0.067142677	25.48185118
Cu9	Currumbin	2023	1	0.41680853	0.060444044	-0.257388332	0.066002467	22.51775234
M1	Mudgeeraba	2023	1	NA	NA	NA	NA	47.84970733
M10	Mudgeeraba	2023	1	0.399061623	0.079147977	-0.245878418	0.09413198	12.88740336
M11	Mudgeeraba	2023	1	0.405309862	0.075262532	-0.253464756	0.088689137	5.768989733
M12	Mudgeeraba	2023	NA	0.410938318	0.070775014	-0.265336151	0.079707619	3.106530638
M13	Mudgeeraba	2023	0	0.414885863	0.065431861	-0.271856499	0.068569665	3.428004799
M2	Mudgeeraba	2023	0	0.372401026	0.087684856	-0.21162911	0.106209309	40.19837487
M3	Mudgeeraba	2023	1	0.373029134	0.086877219	-0.21235749	0.1053128	40.2986875
M4	Mudgeeraba	2023	1	0.37606729	0.086003709	-0.21715848	0.103448632	39.08198302
M5	Mudgeeraba	2023	0	0.381547223	0.082196913	-0.224123557	0.098345488	33.43456105
M6	Mudgeeraba	2023	1	0.382119644	0.08196378	-0.225235742	0.097758825	32.07648128
M7	Mudgeeraba	2023	1	0.388326734	0.078962563	-0.233903136	0.093113182	22.20326574
M8	Mudgeeraba	2023	0	0.391054613	0.079415105	-0.236756637	0.093998209	19.22565965
M9	Mudgeeraba	2023	1	0.393033748	0.079009654	-0.239545759	0.093036121	16.79093701
N1	Nerang	2023	1	0.402289204	0.084349107	-0.242308842	0.094724853	2.590465158
N10	Nerang	2023	1	0.420633713	0.080531371	-0.263557852	0.083286603	4.200767262
N11	Nerang	2023	1	0.421972048	0.081358617	-0.26623003	0.082348626	4.272729153
N12	Nerang	2023	0	0.437168526	0.071163875	-0.274543802	0.075601277	2.737226865
N2	Nerang	2023	0	0.403159895	0.083444153	-0.243046389	0.093648203	2.626443126
N3	Nerang	2023	0	0.403580015	0.082634641	-0.243302896	0.092655088	2.650489301
N4	Nerang	2023	1	0.404982765	0.08169759	-0.244557955	0.091527776	2.680575831
N5	Nerang	2023	1	0.405065226	0.081331239	-0.24460315	0.091037967	2.686765526
N6	Nerang	2023	1	0.407464483	0.081013499	-0.248137944	0.08987578	2.712308252
N7	Nerang	2023	0	0.409303417	0.080683203	-0.251179709	0.088344366	2.838556981
N8	Nerang	2023	1	0.412936329	0.081138659	-0.256152217	0.087105804	3.996569464
N9	Nerang	2023	1	0.417163164	0.081608323	-0.261139742	0.085362055	4.55684087
